Before BWL:
HMM with 16 state(s)

State 0
  Pi: 0.186487737159
  Aij: 0.485 0 0 0.014 0.001 0.001 0.004 0.209 0.022 0.011 0 0 0.001 0 0.218 0.034
  Opdf: Integer distribution --- 0.23 0.008 0 0.008 0.029 0.171 0 0.018 0.048 0.012 0.014 0.008 0.004 0.002 0 0.028 0.014 0.315 0.005 0.01 0.013 0.014 0.049 0

State 1
  Pi: 0.0
  Aij: 0 0.467 0 0 0 0 0 0.4 0 0 0 0 0 0 0.133 0
  Opdf: Integer distribution --- 0 0 0 0 0.067 0 0 0 0 0 0 0 0 0 0 0 0 0.533 0 0 0 0.267 0.133 0

State 2
  Pi: 0.00370198981953
  Aij: 0.004 0 0.562 0.007 0 0 0 0.158 0.022 0.015 0.04 0 0.004 0 0.165 0.022
  Opdf: Integer distribution --- 0.066 0 0.011 0.004 0.007 0.136 0.022 0 0.037 0.018 0.037 0 0.004 0 0 0.033 0.015 0.346 0.011 0.018 0.029 0.092 0.114 0

State 3
  Pi: 0.0249884312818
  Aij: 0.011 0 0.005 0.567 0.001 0 0.001 0.396 0 0.005 0 0.001 0.003 0 0.008 0.004
  Opdf: Integer distribution --- 0.052 0.005 0.002 0.007 0.022 0.104 0.002 0.008 0.096 0.032 0.012 0.011 0.011 0.009 0 0.02 0.019 0.449 0.011 0.002 0.005 0.027 0.093 0.004

State 4
  Pi: 0.00138824618232
  Aij: 0.065 0 0 0.011 0.761 0 0 0.141 0.011 0 0 0 0 0 0.011 0
  Opdf: Integer distribution --- 0.011 0 0 0 0.011 0.13 0 0 0 0.011 0 0 0.033 0 0 0 0.022 0.283 0.022 0.043 0 0.152 0.283 0

State 5
  Pi: 0.0
  Aij: 0.023 0 0 0 0 0.477 0 0.227 0.023 0 0.068 0 0 0 0.182 0
  Opdf: Integer distribution --- 0.023 0 0 0 0 0 0 0 0 0.068 0.023 0 0 0 0 0 0.023 0.5 0.023 0.023 0 0.068 0.25 0

State 6
  Pi: 0.0541416011106
  Aij: 0.025 0 0 0.02 0.004 0 0.534 0.191 0.047 0.041 0.031 0 0.002 0.004 0.089 0.011
  Opdf: Integer distribution --- 0.003 0.001 0.025 0.032 0.016 0.386 0.003 0.003 0.024 0.014 0.02 0.003 0 0.005 0 0.041 0.023 0.3 0.018 0.014 0.01 0.015 0.045 0

State 7
  Pi: 0.132346136048
  Aij: 0.055 0.002 0.028 0.042 0.004 0.006 0.067 0.319 0.082 0.05 0.059 0.008 0.021 0.003 0.207 0.049
  Opdf: Integer distribution --- 0.001 0 0.001 0.027 0 0.002 0.002 0.001 0.495 0.014 0.026 0.003 0.063 0.001 0 0.001 0.004 0.04 0.002 0.115 0.007 0.088 0.107 0.001

State 8
  Pi: 0.00925497454882
  Aij: 0.004 0 0.001 0 0 0 0.001 0.202 0.762 0.004 0.017 0 0.002 0.001 0.003 0.002
  Opdf: Integer distribution --- 0.02 0.002 0.003 0.013 0.01 0.059 0.01 0.019 0.062 0.041 0.029 0.015 0.03 0.007 0 0.01 0.038 0.327 0.018 0.027 0.015 0.058 0.184 0.002

State 9
  Pi: 0.0286904211013
  Aij: 0.03 0.003 0.002 0.039 0 0 0.006 0.207 0.069 0.519 0.028 0.003 0 0 0.088 0.007
  Opdf: Integer distribution --- 0 0.002 0 0.005 0 0.006 0.001 0.002 0.027 0.049 0.008 0.004 0.084 0.001 0 0.014 0.404 0.067 0.278 0.005 0.013 0.008 0.024 0

State 10
  Pi: 0.323461360481
  Aij: 0 0 0.002 0 0 0.001 0.001 0.179 0.027 0.018 0.548 0 0.004 0 0.206 0.013
  Opdf: Integer distribution --- 0.104 0.002 0.003 0.007 0.016 0.116 0.006 0.02 0.044 0.018 0.018 0.015 0.008 0.004 0 0.029 0.024 0.397 0.015 0.01 0.013 0.047 0.084 0.001

State 11
  Pi: 0.0
  Aij: 0 0 0 0.033 0 0 0.016 0.131 0 0 0 0.541 0 0 0.279 0
  Opdf: Integer distribution --- 0.016 0 0.016 0.033 0 0 0 0.033 0.197 0.033 0 0 0 0 0 0 0.016 0.525 0.016 0.016 0.016 0.033 0.049 0

State 12
  Pi: 0.00694123091161
  Aij: 0.004 0 0.002 0.006 0 0 0.006 0.144 0.007 0 0.009 0 0.8 0 0.022 0
  Opdf: Integer distribution --- 0.006 0 0.004 0.022 0.006 0.087 0.009 0.007 0.054 0.043 0.026 0.015 0.052 0.007 0 0.026 0.017 0.254 0.007 0.02 0.009 0.067 0.261 0.002

State 13
  Pi: 0.0138824618232
  Aij: 0 0 0 0 0 0 0.02 0.238 0.05 0 0 0 0 0.525 0.139 0.03
  Opdf: Integer distribution --- 0.03 0 0 0 0.05 0.109 0 0.03 0.02 0.04 0.01 0 0.03 0 0 0.03 0.01 0.465 0 0.02 0.01 0 0.149 0

State 14
  Pi: 0.102267468764
  Aij: 0.004 0 0.003 0.122 0 0 0.063 0.319 0.279 0.067 0.008 0 0 0 0.118 0.016
  Opdf: Integer distribution --- 0.001 0 0 0 0 0.001 0 0 0.001 0.039 0.002 0 0.023 0.007 0 0 0.001 0.043 0.001 0.014 0.003 0.004 0.858 0

State 15
  Pi: 0.112447940768
  Aij: 0.048 0 0.005 0.016 0 0 0.046 0.228 0.009 0.009 0.046 0.001 0.002 0 0.085 0.504
  Opdf: Integer distribution --- 0.008 0 0.002 0.024 0.006 0.032 0.55 0 0.022 0.01 0.007 0 0.005 0.004 0 0.004 0.1 0.079 0.043 0.031 0.004 0.007 0.06 0

bw HMM:
HMM with 16 state(s)

State 0
  Pi: 0.2739691298669242
  Aij: 0.276 0 0 0.008 0.001 0.002 0 0.157 0.012 0.059 0 0 0.001 0 0.329 0.157
  Opdf: Integer distribution --- 0.435 0.007 0 0 0.02 0.108 0 0.018 0.001 0.001 0.04 0 0.047 0.001 0 0.001 0.011 0.2 0 0.044 0.026 0 0.04 0

State 1
  Pi: 0.0
  Aij: 0 0.08 0 0 0 0 0 0.672 0 0 0 0 0 0 0.248 0
  Opdf: Integer distribution --- 0 0 0 0 0.001 0 0 0 0 0 0 0 0 0 0 0 0 0.919 0 0 0 0.002 0.078 0

State 2
  Pi: 0.0014864149076763023
  Aij: 0.001 0 0.367 0.018 0 0 0 0.261 0.03 0.008 0.01 0 0.005 0 0.299 0.001
  Opdf: Integer distribution --- 0.019 0 0.049 0.006 0 0.132 0.005 0 0.018 0.035 0.012 0 0.006 0 0 0.09 0.001 0.444 0 0.008 0.035 0.022 0.118 0

State 3
  Pi: 0.004498372488294542
  Aij: 0.001 0 0 0.478 0 0 0 0.509 0 0.001 0 0.007 0.001 0 0.003 0
  Opdf: Integer distribution --- 0.051 0.009 0.002 0.03 0.024 0.064 0.001 0 0.121 0.024 0.001 0.027 0 0.014 0 0.003 0 0.497 0 0 0.001 0.059 0.066 0.005

State 4
  Pi: 7.396342400413838E-4
  Aij: 0.007 0 0 0.019 0.757 0 0 0.195 0.01 0 0 0 0 0 0.012 0
  Opdf: Integer distribution --- 0 0 0 0 0.081 0.11 0 0 0 0.09 0 0 0.001 0 0 0 0.014 0.267 0 0.004 0 0.074 0.359 0

State 5
  Pi: 0.0
  Aij: 0.001 0 0 0 0 0.289 0 0.543 0.015 0 0.002 0 0 0 0.149 0
  Opdf: Integer distribution --- 0.022 0 0 0 0 0 0 0 0 0.292 0.009 0 0 0 0 0 0.004 0.517 0 0 0 0.022 0.134 0

State 6
  Pi: 0.11223965115341591
  Aij: 0.014 0 0 0.113 0.019 0 0.328 0.152 0.132 0.036 0.08 0 0.01 0.016 0.1 0
  Opdf: Integer distribution --- 0 0 0.015 0.044 0.004 0.535 0.001 0 0.011 0.005 0.037 0.004 0 0.001 0 0.091 0.006 0.111 0 0.068 0.002 0.008 0.057 0

State 7
  Pi: 0.021042552671766957
  Aij: 0.071 0.004 0.035 0.1 0.002 0.015 0.091 0.04 0.088 0.092 0.093 0.018 0.021 0.011 0.283 0.035
  Opdf: Integer distribution --- 0 0 0 0.029 0 0 0.001 0 0.532 0.006 0.023 0.001 0.079 0 0.001 0 0 0.044 0 0.078 0.005 0.108 0.093 0

State 8
  Pi: 0.0022173378492070916
  Aij: 0 0 0 0 0 0 0 0.275 0.717 0.004 0.001 0 0 0 0.002 0
  Opdf: Integer distribution --- 0.008 0 0.005 0.013 0.01 0.021 0.002 0.028 0.166 0.038 0.032 0.016 0.001 0.011 0 0 0.003 0.401 0 0 0.013 0.099 0.129 0.003

State 9
  Pi: 0.04010066852169744
  Aij: 0.001 0.058 0.004 0.14 0 0 0.004 0.134 0.096 0.484 0.016 0.004 0 0 0.058 0.002
  Opdf: Integer distribution --- 0 0 0 0.005 0 0.002 0 0 0.037 0.022 0.005 0 0.001 0.001 0 0.009 0.492 0.052 0.329 0.009 0.013 0.008 0.016 0

State 10
  Pi: 0.2894885350010557
  Aij: 0 0 0.001 0 0 0.005 0 0.061 0.018 0.023 0.429 0 0.003 0 0.451 0.01
  Opdf: Integer distribution --- 0.052 0.004 0 0.002 0.024 0.136 0.007 0.014 0.001 0.017 0.031 0.01 0.116 0 0 0.014 0.021 0.405 0 0.03 0.029 0.003 0.084 0

State 11
  Pi: 0.0
  Aij: 0 0 0 0.002 0 0 0 0.111 0 0 0 0.876 0 0 0.011 0
  Opdf: Integer distribution --- 0.02 0 0 0 0 0 0 0.153 0.475 0.007 0 0 0 0 0 0 0.016 0.301 0 0 0 0.02 0.009 0

State 12
  Pi: 0.003009798390823185
  Aij: 0 0 0.001 0.016 0 0 0 0.196 0.01 0 0.002 0 0.751 0 0.025 0
  Opdf: Integer distribution --- 0.001 0 0.026 0.006 0 0.015 0 0 0.12 0.031 0.011 0.021 0.014 0.007 0 0.237 0.007 0.301 0 0.001 0.006 0.03 0.166 0.001

State 13
  Pi: 0.027774140100700125
  Aij: 0 0 0 0 0 0 0 0.04 0.024 0 0 0 0 0.505 0.428 0.002
  Opdf: Integer distribution --- 0.002 0 0 0 0.051 0.027 0 0.017 0 0.078 0.035 0 0.326 0 0 0.002 0.002 0.271 0 0.009 0.026 0 0.153 0

State 14
  Pi: 0.0959829834373935
  Aij: 0.002 0 0.002 0.208 0 0 0.1 0.184 0.271 0.116 0.004 0.001 0 0 0.095 0.018
  Opdf: Integer distribution --- 0 0 0 0 0 0.001 0 0 0 0.067 0 0.001 0.006 0.004 0 0 0.001 0.03 0 0.011 0.007 0.002 0.869 0

State 15
  Pi: 0.1274507813710041
  Aij: 0.033 0 0.007 0.008 0 0 0.246 0.108 0.003 0.008 0.063 0 0.001 0 0.074 0.45
  Opdf: Integer distribution --- 0.022 0 0 0 0.001 0.037 0.597 0 0.002 0 0.012 0 0 0 0 0.001 0.006 0.003 0 0.259 0 0.003 0.058 0

