Before BWL:
HMM with 16 state(s)

State 0
  Pi: 0.186487737159
  Aij: 0.485 0 0 0.014 0.001 0.001 0.004 0.209 0.022 0.011 0 0 0.001 0 0.218 0.034
  Opdf: Integer distribution --- 0.23 0.008 0 0.008 0.029 0.171 0 0.018 0.048 0.012 0.014 0.008 0.004 0.002 0 0.028 0.014 0.315 0.005 0.01 0.013 0.014 0.049 0

State 1
  Pi: 0.0
  Aij: 0 0.467 0 0 0 0 0 0.4 0 0 0 0 0 0 0.133 0
  Opdf: Integer distribution --- 0 0 0 0 0.067 0 0 0 0 0 0 0 0 0 0 0 0 0.533 0 0 0 0.267 0.133 0

State 2
  Pi: 0.00370198981953
  Aij: 0.004 0 0.562 0.007 0 0 0 0.158 0.022 0.015 0.04 0 0.004 0 0.165 0.022
  Opdf: Integer distribution --- 0.066 0 0.011 0.004 0.007 0.136 0.022 0 0.037 0.018 0.037 0 0.004 0 0 0.033 0.015 0.346 0.011 0.018 0.029 0.092 0.114 0

State 3
  Pi: 0.0249884312818
  Aij: 0.011 0 0.005 0.567 0.001 0 0.001 0.396 0 0.005 0 0.001 0.003 0 0.008 0.004
  Opdf: Integer distribution --- 0.052 0.005 0.002 0.007 0.022 0.104 0.002 0.008 0.096 0.032 0.012 0.011 0.011 0.009 0 0.02 0.019 0.449 0.011 0.002 0.005 0.027 0.093 0.004

State 4
  Pi: 0.00138824618232
  Aij: 0.065 0 0 0.011 0.761 0 0 0.141 0.011 0 0 0 0 0 0.011 0
  Opdf: Integer distribution --- 0.011 0 0 0 0.011 0.13 0 0 0 0.011 0 0 0.033 0 0 0 0.022 0.283 0.022 0.043 0 0.152 0.283 0

State 5
  Pi: 0.0
  Aij: 0.023 0 0 0 0 0.477 0 0.227 0.023 0 0.068 0 0 0 0.182 0
  Opdf: Integer distribution --- 0.023 0 0 0 0 0 0 0 0 0.068 0.023 0 0 0 0 0 0.023 0.5 0.023 0.023 0 0.068 0.25 0

State 6
  Pi: 0.0541416011106
  Aij: 0.025 0 0 0.02 0.004 0 0.534 0.191 0.047 0.041 0.031 0 0.002 0.004 0.089 0.011
  Opdf: Integer distribution --- 0.003 0.001 0.025 0.032 0.016 0.386 0.003 0.003 0.024 0.014 0.02 0.003 0 0.005 0 0.041 0.023 0.3 0.018 0.014 0.01 0.015 0.045 0

State 7
  Pi: 0.132346136048
  Aij: 0.055 0.002 0.028 0.042 0.004 0.006 0.067 0.319 0.082 0.05 0.059 0.008 0.021 0.003 0.207 0.049
  Opdf: Integer distribution --- 0.001 0 0.001 0.027 0 0.002 0.002 0.001 0.495 0.014 0.026 0.003 0.063 0.001 0 0.001 0.004 0.04 0.002 0.115 0.007 0.088 0.107 0.001

State 8
  Pi: 0.00925497454882
  Aij: 0.004 0 0.001 0 0 0 0.001 0.202 0.762 0.004 0.017 0 0.002 0.001 0.003 0.002
  Opdf: Integer distribution --- 0.02 0.002 0.003 0.013 0.01 0.059 0.01 0.019 0.062 0.041 0.029 0.015 0.03 0.007 0 0.01 0.038 0.327 0.018 0.027 0.015 0.058 0.184 0.002

State 9
  Pi: 0.0286904211013
  Aij: 0.03 0.003 0.002 0.039 0 0 0.006 0.207 0.069 0.519 0.028 0.003 0 0 0.088 0.007
  Opdf: Integer distribution --- 0 0.002 0 0.005 0 0.006 0.001 0.002 0.027 0.049 0.008 0.004 0.084 0.001 0 0.014 0.404 0.067 0.278 0.005 0.013 0.008 0.024 0

State 10
  Pi: 0.323461360481
  Aij: 0 0 0.002 0 0 0.001 0.001 0.179 0.027 0.018 0.548 0 0.004 0 0.206 0.013
  Opdf: Integer distribution --- 0.104 0.002 0.003 0.007 0.016 0.116 0.006 0.02 0.044 0.018 0.018 0.015 0.008 0.004 0 0.029 0.024 0.397 0.015 0.01 0.013 0.047 0.084 0.001

State 11
  Pi: 0.0
  Aij: 0 0 0 0.033 0 0 0.016 0.131 0 0 0 0.541 0 0 0.279 0
  Opdf: Integer distribution --- 0.016 0 0.016 0.033 0 0 0 0.033 0.197 0.033 0 0 0 0 0 0 0.016 0.525 0.016 0.016 0.016 0.033 0.049 0

State 12
  Pi: 0.00694123091161
  Aij: 0.004 0 0.002 0.006 0 0 0.006 0.144 0.007 0 0.009 0 0.8 0 0.022 0
  Opdf: Integer distribution --- 0.006 0 0.004 0.022 0.006 0.087 0.009 0.007 0.054 0.043 0.026 0.015 0.052 0.007 0 0.026 0.017 0.254 0.007 0.02 0.009 0.067 0.261 0.002

State 13
  Pi: 0.0138824618232
  Aij: 0 0 0 0 0 0 0.02 0.238 0.05 0 0 0 0 0.525 0.139 0.03
  Opdf: Integer distribution --- 0.03 0 0 0 0.05 0.109 0 0.03 0.02 0.04 0.01 0 0.03 0 0 0.03 0.01 0.465 0 0.02 0.01 0 0.149 0

State 14
  Pi: 0.102267468764
  Aij: 0.004 0 0.003 0.122 0 0 0.063 0.319 0.279 0.067 0.008 0 0 0 0.118 0.016
  Opdf: Integer distribution --- 0.001 0 0 0 0 0.001 0 0 0.001 0.039 0.002 0 0.023 0.007 0 0 0.001 0.043 0.001 0.014 0.003 0.004 0.858 0

State 15
  Pi: 0.112447940768
  Aij: 0.048 0 0.005 0.016 0 0 0.046 0.228 0.009 0.009 0.046 0.001 0.002 0 0.085 0.504
  Opdf: Integer distribution --- 0.008 0 0.002 0.024 0.006 0.032 0.55 0 0.022 0.01 0.007 0 0.005 0.004 0 0.004 0.1 0.079 0.043 0.031 0.004 0.007 0.06 0

bw HMM:
HMM with 16 state(s)

State 0
  Pi: 0.24255663133917818
  Aij: 0.201 0 0 0.007 0.001 0.001 0 0.11 0.003 0.086 0 0 0 0 0.351 0.24
  Opdf: Integer distribution --- 0.555 0.01 0 0 0.022 0.063 0 0.024 0 0 0.049 0 0.06 0.003 0 0 0.005 0.121 0 0.025 0.043 0 0.021 0

State 1
  Pi: 0.0
  Aij: 0 0.018 0 0 0 0 0 0.554 0 0 0 0 0 0 0.428 0
  Opdf: Integer distribution --- 0 0 0 0 0 0 0 0 0 0 0 0 0 0 0 0 0 0.948 0 0 0 0 0.052 0

State 2
  Pi: 3.760132118816606E-4
  Aij: 0 0 0.179 0.026 0 0 0 0.448 0.025 0.003 0.002 0 0.001 0 0.315 0
  Opdf: Integer distribution --- 0.005 0 0.021 0.023 0 0.189 0.001 0 0.001 0.086 0.001 0 0.001 0 0 0.039 0 0.519 0 0.001 0.016 0.001 0.097 0

State 3
  Pi: 0.011769642434009193
  Aij: 0.007 0 0 0.342 0 0 0 0.626 0 0.001 0 0.021 0 0 0.002 0.001
  Opdf: Integer distribution --- 0.064 0.007 0.004 0.063 0.015 0.042 0.004 0 0.05 0.022 0 0.018 0 0.022 0 0.002 0 0.573 0 0 0 0.025 0.086 0.002

State 4
  Pi: 9.706023355185718E-4
  Aij: 0 0 0 0.011 0.679 0 0 0.302 0.003 0 0 0 0 0 0.005 0
  Opdf: Integer distribution --- 0 0 0 0 0.062 0.118 0 0 0 0.094 0 0 0 0 0 0 0.004 0.239 0 0 0 0.051 0.432 0

State 5
  Pi: 0.0
  Aij: 0 0 0 0 0 0.244 0 0.697 0.019 0 0 0 0 0 0.04 0
  Opdf: Integer distribution --- 0.027 0 0 0 0 0 0 0 0 0.294 0 0 0 0 0 0 0 0.596 0 0 0 0 0.082 0

State 6
  Pi: 0.24132156796374649
  Aij: 0 0 0 0.216 0.054 0 0.212 0.064 0.066 0.037 0.231 0 0.047 0.019 0.053 0
  Opdf: Integer distribution --- 0 0 0.009 0.013 0.027 0.616 0.001 0 0.011 0.002 0.038 0.025 0 0 0 0.056 0.012 0.04 0 0.079 0.006 0.003 0.061 0

State 7
  Pi: 0.013662920151749426
  Aij: 0.029 0.013 0.045 0.171 0 0.064 0.131 0.002 0.047 0.09 0.081 0.016 0.017 0.092 0.18 0.023
  Opdf: Integer distribution --- 0 0 0 0.026 0 0 0.003 0 0.565 0 0.041 0 0.039 0 0.001 0 0 0.02 0 0.059 0.004 0.171 0.071 0

State 8
  Pi: 0.00493105349128382
  Aij: 0 0 0 0 0 0 0 0.237 0.752 0.004 0 0 0 0.006 0.001 0
  Opdf: Integer distribution --- 0.004 0.002 0.005 0.003 0.015 0.005 0.002 0.042 0.219 0.029 0.029 0.019 0 0.011 0 0 0.002 0.393 0 0 0.018 0.088 0.109 0.005

State 9
  Pi: 0.04833374475081608
  Aij: 0 0.114 0.008 0.123 0 0 0.02 0.129 0.037 0.495 0.009 0.001 0 0 0.061 0.003
  Opdf: Integer distribution --- 0 0 0 0.003 0 0.004 0 0 0.057 0.027 0.002 0 0.001 0 0 0.01 0.479 0.053 0.311 0.015 0.018 0.007 0.013 0

State 10
  Pi: 0.1868765809006569
  Aij: 0 0 0 0 0 0.012 0 0.012 0.003 0.02 0.368 0 0 0 0.561 0.023
  Opdf: Integer distribution --- 0.061 0.003 0 0.006 0.012 0.034 0.007 0.014 0 0.032 0.013 0.002 0.133 0 0 0.01 0.008 0.559 0 0.023 0.017 0.001 0.064 0

State 11
  Pi: 0.0
  Aij: 0 0 0 0 0 0 0 0.133 0 0 0 0.866 0 0 0.001 0
  Opdf: Integer distribution --- 0.073 0 0 0 0 0 0 0.117 0.502 0 0 0 0 0 0 0 0.025 0.266 0 0 0 0.01 0.005 0

State 12
  Pi: 0.007119543633584337
  Aij: 0 0 0.002 0.113 0 0 0 0.223 0.009 0 0.028 0 0.596 0 0.028 0
  Opdf: Integer distribution --- 0 0 0.054 0.002 0 0 0 0 0.12 0 0 0.027 0 0.003 0 0.362 0.017 0.293 0 0 0 0.001 0.104 0.015

State 13
  Pi: 0.02156678106712232
  Aij: 0 0 0 0 0 0 0 0 0.001 0 0 0 0 0.222 0.777 0
  Opdf: Integer distribution --- 0.001 0 0 0 0.001 0.001 0 0.005 0 0.016 0.057 0 0.545 0 0 0 0 0.163 0 0.001 0.07 0 0.139 0

State 14
  Pi: 0.09945437737219345
  Aij: 0.004 0 0.002 0.201 0 0 0.129 0.195 0.219 0.122 0.004 0.002 0 0.006 0.094 0.022
  Opdf: Integer distribution --- 0 0 0 0 0 0 0 0 0 0.068 0 0 0 0.001 0 0 0.001 0.01 0 0.019 0.004 0 0.897 0

State 15
  Pi: 0.12106054134826054
  Aij: 0.031 0 0.006 0.021 0 0 0.265 0.091 0.001 0.009 0.063 0 0.001 0 0.076 0.436
  Opdf: Integer distribution --- 0.012 0 0 0 0 0.012 0.591 0 0.001 0 0.01 0 0 0 0 0.001 0.005 0.001 0 0.292 0 0.006 0.069 0