并 将 全面 领导 公司 技术 相关 部门 。
10 12 9 22 17 17 22 17 8
5 5 5 1 4 2 2 2 5
5 5 5 1 2 2 2 2 5
“ 十 面 埋伏 ” 、 “ 鸿门宴 ” 、 “ 楚河汉界 ” 、 “ 四面楚歌 ” 等 是 家喻户晓 的 中国 历史 典故 。
8 16 18 22 8 8 8 17 8 8 8 17 8 8 8 13 8 21 22 13 21 5 17 17 8
0 0 0 0 0 0 0 0 0 0 0 0 0 0 0 0 0 0 1 5 5 4 2 2 5
0 6 6 1 5 5 5 5 5 5 5 5 5 5 5 5 5 5 1 2 2 2 2 2 5
卓别林 连续 数 年 夺得 中央 电视台 春节 联欢 晚会 “ 最 受 观众 喜爱 的 节目 ” 的 桂冠 。
0 9 16 18 22 17 17 6 22 17 8 12 22 17 22 21 17 8 21 17 8
0 5 6 6 1 4 4 4 4 4 2 2 2 2 2 2 2 2 2 2 5
0 5 3 3 3 3 3 3 1 2 5 5 1 2 2 2 2 2 2 2 5
赵本山 连续 数 年 夺得 中央 电视台 春节 联欢 晚会 “ 最 受 观众 喜爱 的 节目 ” 的 桂冠 。
0 9 16 18 22 17 17 6 22 17 8 12 22 17 22 21 17 8 21 17 8
0 5 3 3 1 4 4 4 4 4 2 2 2 2 2 2 2 2 2 2 5
0 5 3 3 3 3 3 3 1 2 5 5 1 2 2 2 2 2 2 2 5
XBox 不 是 索尼 公司 的 产品 。
17 12 22 4 17 21 17 8
0 5 1 4 4 5 2 5
0 5 1 2 2 2 2 5
XBox 不 是 索尼 公司 的 产品 。
17 12 22 4 17 21 17 8
0 5 1 4 4 5 2 5
0 5 1 2 2 2 2 5
中国 的 二氧化碳 排放量 目前 位居 世界 第二 。
5 21 17 17 6 22 17 16 8
0 0 0 0 3 1 4 6 5
0 0 0 0 3 1 2 2 5
美国 二氧化碳 排放量 目前 位居 世界 第二 。
5 17 17 6 22 17 16 8
0 0 0 3 1 4 6 5
0 0 0 3 1 2 2 5
2005年 4月 19日 ， 美军 将 关押 在 关塔 那 摩美军 基地 的 17 名 阿富汗 战俘 移交 给 阿富汗 政府 。
6 6 6 8 15 12 22 19 17 20 15 17 21 16 18 5 17 22 22 5 17 8
3 3 3 5 0 5 5 5 4 4 4 4 5 6 6 2 2 1 5 2 2 5
3 3 3 5 0 5 1 5 2 2 2 2 5 6 6 2 2 2 2 2 2 5
2005年 4月 19日 ， 美军 将 关押 在 关塔 那 摩美军 基地 的 17 名 阿富汗 战俘 移交 给 阿富汗 政府 。
6 6 6 8 15 12 22 19 17 20 15 17 21 16 18 5 17 22 22 5 17 8
3 3 3 5 0 5 5 5 4 4 4 4 5 6 6 2 2 1 5 2 2 5
3 3 3 5 0 5 1 5 2 2 2 2 5 6 6 2 2 2 2 2 2 5
2005年 4月 19日 ， 美军 将 关押 在 关塔 那 摩美军 基地 的 17 名 阿富汗 战俘 移交 给 阿富汗 政府 。
6 6 6 8 15 12 22 19 17 20 15 17 21 16 18 5 17 22 22 5 17 8
3 3 3 5 0 5 5 5 4 4 4 4 5 6 6 2 2 1 5 2 2 5
3 3 3 5 0 5 1 5 2 2 2 2 5 6 6 2 2 2 2 2 2 5
2005年 4月 19日 ， 美军 将 关押 在 关塔 那 摩美军 基地 的 17 名 阿富汗 战俘 移交 给 阿富汗 政府 。
6 6 6 8 15 12 22 19 17 20 15 17 21 16 18 5 17 22 22 5 17 8
3 3 3 5 0 5 5 5 4 4 4 4 5 6 6 2 2 1 5 2 2 5
3 3 3 5 0 5 1 5 2 2 2 2 5 6 6 2 2 2 2 2 2 5
在 新 国王 大寿 前夕 ， 尼泊尔 毛派 叛乱 份子 发动 攻击 。
19 9 17 17 3 8 5 17 22 17 22 22 8
5 3 3 3 3 5 4 0 0 0 1 2 5
5 0 0 0 0 5 2 2 2 2 2 2 5
张学良 为 豫 鄂 皖 三 省 剿共 副 司令 。
0 19 15 15 15 16 17 15 11 17 8
0 1 4 4 4 4 4 2 2 2 5
0 5 4 4 4 2 2 2 2 2 2
张学良 为 豫 鄂 皖 三 省 剿共 副 司令 。
0 19 15 15 15 16 17 15 11 17 8
0 1 4 4 4 4 4 2 2 2 5
0 5 4 4 4 2 2 2 2 2 2
蒋介石 将 张学良 带 到 台湾 软禁 。
0 19 0 22 22 5 22 8
0 5 2 5 5 4 1 5
0 0 0 1 2 2 2 5
里氏 规模 为 世界 上 最 常用 的 地震 规模 标度 。
0 17 22 17 3 12 9 21 17 17 17 8
0 0 1 4 5 6 6 5 2 0 2 5
0 0 1 2 2 2 2 2 2 2 2 5
切尔诺贝利 病毒 是 来自 台湾 大同 工学院 学生 陈盈豪 所 散布 。
5 17 22 22 5 5 17 17 0 21 22 8
2 2 5 5 4 4 4 0 0 5 1 5
0 0 0 1 2 2 2 2 2 2 2 5
切尔诺贝利 病毒 是 来自 台湾 大同 工学院 学生 陈盈豪 所 散布 。
5 17 22 22 5 5 17 17 0 21 22 8
2 2 5 5 4 4 4 0 0 5 1 5
0 0 0 1 2 2 2 2 2 2 2 5
切尔诺贝利 病毒 是 来自 台湾 大同 工学院 学生 陈盈豪 所 散布 。
5 17 22 22 5 5 17 17 0 21 22 8
2 2 5 5 4 4 4 0 0 5 1 5
0 0 0 1 2 2 2 2 2 2 2 5
中国 成为 亚洲 经济 核心 。
5 22 5 17 17 8
0 1 4 2 2 5
0 1 2 2 2 5
哈塔米 被 看作 为 伊朗 第一 位 改良主义 总统 ， 因为 他 在 选举 中 重视 法治 和 民主 ， 主张 所有 伊朗 人 参与 政治 决策 的 进程 。
0 19 22 22 5 16 18 17 17 8 10 20 19 22 3 22 17 10 9 8 22 11 5 17 22 17 17 21 17 8
0 1 1 1 4 6 6 2 2 5 5 5 5 5 5 5 5 5 5 5 5 5 4 5 5 5 5 5 5 5
0 5 1 1 4 6 6 2 2 2 2 2 2 2 2 2 2 2 2 5 1 2 2 2 2 2 2 2 2 5
约翰保罗 二 世 是 梵蒂冈 领导人 。
0 16 17 22 5 17 8
0 0 0 1 4 2 5
0 0 0 1 2 2 5
1991年 伏明霞 在 澳洲 珀斯 成为 世界 锦标赛 的 跳水 冠军 。
6 0 19 5 5 22 17 17 21 22 17 8
3 0 5 4 4 1 4 4 5 2 2 5
3 0 5 4 4 1 2 2 2 2 2 5
1991年 伏明霞 在 澳洲 珀斯 成为 世界 锦标赛 的 跳水 冠军 。
6 0 19 5 5 22 17 17 21 22 17 8
3 0 5 4 4 1 4 4 5 2 2 5
3 0 5 4 4 1 2 2 2 2 2 5
巩俐 获得 蒙特利尔 影展 艺术 成就 特别 大奖 。
0 22 5 17 17 17 12 17 8
0 1 4 4 2 2 2 2 5
0 1 2 2 2 2 2 2 5
巩俐 获得 蒙特利尔 影展 艺术 成就 特别 大奖 。
0 22 5 17 17 17 12 17 8
0 1 4 4 2 2 2 2 5
0 1 2 2 2 2 2 2 5
这 也 是 中国 举办 的 首 届 专业类 世博会 。
20 12 22 5 22 21 16 18 17 15 8
5 5 5 4 1 5 6 6 2 2 5
0 5 1 2 2 5 6 6 2 2 5
纳芙拉蒂洛娃 是 一 位 美国 国家队 网球 运动员 。
0 22 16 18 5 17 17 17 8
0 1 6 6 4 2 2 2 5
0 1 6 6 2 2 2 2 5
即将 卸 任 该 公司 首席 执行官 的 杨致远 。
12 22 22 20 17 17 17 21 0 8
5 1 1 4 4 6 2 5 0 5
5 1 2 2 2 2 2 2 2 5
即将 卸 任 该 公司 首席 执行官 的 杨致远 。
12 22 22 20 17 17 17 21 0 8
5 1 1 4 4 6 2 5 0 5
5 1 2 2 2 2 2 2 2 5
杨致远 是 最 早 的 硅谷 网络 企业 亿万 富豪 之一 。
0 22 12 9 21 17 17 17 16 17 20 8
0 1 6 6 5 4 4 4 2 2 2 5
0 1 2 2 2 2 2 2 2 2 2 5
杨致远 是 最 早 的 硅谷 网络 企业 亿万 富豪 之一 。
0 22 12 9 21 17 17 17 16 17 20 8
0 1 6 6 5 4 4 4 2 2 2 5
0 1 2 2 2 2 2 2 2 2 2 5
杨致远 是 最 早 的 硅谷 网络 企业 亿万 富豪 之一 。
0 22 12 9 21 17 17 17 16 17 20 8
0 1 6 6 5 4 4 4 2 2 2 5
0 1 2 2 2 2 2 2 2 2 2 5
邓亚萍 、 巩俐 、 杨澜 和 桑兰4 人 为 北京 2008年 奥运会 申办 委员会 “ 形象 大使 ” 。
0 8 0 8 0 10 16 17 19 5 6 15 22 17 8 17 17 8 8
0 0 0 0 0 0 5 6 1 4 3 2 2 2 2 2 2 2 5
0 0 0 0 0 0 0 0 5 2 2 2 2 2 2 2 2 5 5
1999年 12月 在 日本 静冈县 御前崎 沿岸 水深 近 1 , 000 米 的 海底处 ， 从 300 米 以下 的 沙堆 中 采样 发现 天然气 水合物 。
6 6 19 5 5 5 3 17 22 16 8 16 18 21 17 8 19 16 18 3 21 17 3 22 22 17 17 8
3 3 5 4 4 4 4 4 4 3 4 4 4 4 4 4 4 4 4 4 4 4 5 5 1 2 2 5
3 3 5 4 4 4 4 4 1 6 6 6 6 5 5 5 5 6 6 6 5 2 2 2 2 2 2 5
杨澜 离开 中央 电视台 后 到 美国 进修 。
0 22 17 17 3 22 5 22 8
0 3 3 3 5 5 4 1 5
0 1 2 2 2 2 2 2 5
杨澜 离开 中央 电视台 。
0 22 17 17 8
0 1 4 4 5
0 1 2 2 5
杨澜 离开 中央 电视台 。
0 22 17 17 8
0 1 4 4 5
0 1 2 2 5
出口 低碳 科技 和 设备 至 九 个 国家 。
22 17 17 10 17 19 16 18 17 8
1 2 2 2 2 5 4 4 4 5
0 0 0 0 0 5 6 6 2 5
若 无 莫斯科 安全 保证 。
10 22 5 9 22 8
5 5 4 1 1 5
5 1 2 2 2 5
给 为 躲避 印尼 暴民 的 暴力 行为 而 逃抵 此处 的 华裔 。
19 19 22 5 17 21 17 17 10 22 2 21 17 8
5 5 5 5 5 5 5 5 5 1 4 5 0 5
5 5 1 2 2 2 2 2 2 2 2 2 2 5
躲避 澳洲 暴民 的 暴力 行为 而 逃抵 此地 的 华裔 。
22 5 17 21 17 17 10 22 2 21 17 8
5 5 5 5 5 5 5 1 4 5 0 5
0 0 0 0 0 0 0 1 2 2 2 5
躲避 印尼 暴民 的 暴力 行为 而 逃抵 此地 的 华裔 。
22 5 17 21 17 17 10 22 2 21 17 8
5 5 5 5 5 5 5 1 4 5 0 5
0 0 0 0 0 0 0 1 2 2 2 5
躲避 印尼 暴民 的 暴力 行为 而 逃抵 此地 的 华裔 。
22 5 17 21 17 17 10 22 2 21 17 8
5 5 5 5 5 5 5 1 4 5 0 5
0 0 0 0 0 0 0 1 2 2 2 5
让 一 艘 从 印尼 渡轮 上 救 起 四百三十四 名 阿富汗 难民 的 挪威 货轮 进入 其 海域 。
22 16 18 19 5 17 3 22 22 16 18 5 17 21 5 17 22 20 17 8
5 0 0 0 0 0 0 0 0 0 0 0 0 0 0 0 1 4 4 5
1 6 6 5 4 4 5 1 1 6 6 2 2 2 2 2 2 2 2 5
让 一 艘 从 印尼 渡轮 上 救 起 四百三十四 名 阿富汗 难民 的 挪威 货轮 进入 其 海域 。
22 16 18 19 5 17 3 22 22 16 18 5 17 21 5 17 22 20 17 8
5 0 0 0 0 0 0 0 0 0 0 0 0 0 0 0 1 4 4 5
1 6 6 5 4 4 5 1 1 6 6 2 2 2 2 2 2 2 2 5
911 事件 发生 至 2001-12-18 ， 大多数 资本 还是 持续 流向 美国 。
16 17 22 19 16 8 16 17 12 22 22 5 8
3 3 3 3 3 5 6 0 5 1 1 4 5
0 0 1 5 6 6 6 2 2 2 2 2 5
何厚铧 在 澳门 回归 前 担任 澳门 特区 筹委会 副 主任委员 。
0 19 5 22 3 22 5 17 15 11 17 8
0 5 3 3 5 1 3 4 4 2 2 5
0 5 4 1 2 2 2 2 2 2 2 5
何厚铧 在 澳门 回归 前 担任 澳门 特区 筹委会 副 主任委员 。
0 19 5 22 3 22 5 17 15 11 17 8
0 5 3 3 5 1 3 4 4 2 2 5
0 5 4 1 2 2 2 2 2 2 2 5
何厚铧 曾 任 澳门 国际 机场 专营 公司 董事局 副 主席 。
0 12 22 5 17 17 22 17 17 11 17 8
0 5 1 4 4 4 4 4 2 2 2 5
0 5 1 2 2 2 2 2 2 2 2 5
何厚铧 曾 任 澳门 国际 机场 专营 公司 董事局 副 主席 。
0 12 22 5 17 17 22 17 17 11 17 8
0 5 1 4 4 4 4 4 2 2 2 5
0 5 1 2 2 2 2 2 2 2 2 5
何厚铧 曾 任 澳门 国际 机场 专营 公司 董事局 副 主席 。
0 12 22 5 17 17 22 17 17 11 17 8
0 5 1 4 4 4 4 4 2 2 2 5
0 5 1 2 2 2 2 2 2 2 2 5
何厚铧 曾 任 澳门 国际 机场 专营 公司 董事局 副 主席 。
0 12 22 5 17 17 22 17 17 11 17 8
0 5 1 4 4 4 4 4 2 2 2 5
0 5 1 2 2 2 2 2 2 2 2 5
何厚铧 曾 任 澳门 国际 机场 专营 公司 董事局 副 主席 。
0 12 22 5 17 17 22 17 17 11 17 8
0 5 1 4 4 4 4 4 2 2 2 5
0 5 1 2 2 2 2 2 2 2 2 5
何厚铧 现任 澳门 国际 机场 专营 公司 董事局 副 主席 。
20 22 5 17 17 22 17 17 11 17 8
0 5 4 4 4 4 4 2 2 2 5
0 0 0 0 0 1 2 2 2 2 5
何厚铧 现任 澳门 国际 机场 专营 公司 董事局 主席 。
20 22 5 17 17 22 17 17 17 8
0 5 4 4 4 4 4 2 2 5
0 1 2 2 2 2 2 2 2 5
何厚铧 现任 澳门 国际 机场 专营 公司 董事局 主席 。
20 22 5 17 17 22 17 17 17 8
0 5 4 4 4 4 4 2 2 5
0 1 2 2 2 2 2 2 2 5
何厚铧 现任 澳门 国际 机场 专营 公司 董事局 主席 。
20 22 5 17 17 22 17 17 17 8
0 5 4 4 4 4 4 2 2 5
0 1 2 2 2 2 2 2 2 5
何厚铧 现任 澳门 国际 机场 专营 公司 董事局 主席 。
20 22 5 17 17 22 17 17 17 8
0 5 4 4 4 4 4 2 2 5
0 1 2 2 2 2 2 2 2 5
何厚铧 现任 澳门 国际 机场 专营 公司 董事局 主席 。
20 22 5 17 17 22 17 17 17 8
0 5 4 4 4 4 4 2 2 5
0 1 2 2 2 2 2 2 2 5
将 超铀 废料 永久 深 埋 在 盐床 上 。
12 22 17 12 12 22 19 17 3 8
5 2 2 6 1 1 5 4 5 5
5 1 2 2 2 2 2 2 2 5
美国 政府 将 超铀 废料 永久 深 埋 在 盐床 上 。
5 17 12 22 17 12 12 22 19 17 3 8
0 0 5 2 2 6 1 1 5 4 5 5
0 0 5 1 2 2 2 2 2 2 2 5
江泽民 和 夫人 王冶坪 ， 12月 19日 下午 乘 专机 于 16时 40分 抵达 澳门 国际 机场 。
0 10 17 0 8 6 6 6 22 17 19 6 6 22 5 17 17 8
0 0 0 0 5 3 3 3 5 5 5 3 3 1 4 4 4 5
0 0 0 0 5 3 3 3 3 3 3 3 3 1 2 2 2 5
江泽民 和 夫人 王冶坪 ， 12月 19日 下午 乘 专机 于 16时 40分 抵达 澳门 国际 机场 。
0 10 17 0 8 6 6 6 22 17 19 6 6 22 5 17 17 8
0 0 0 0 5 3 3 3 5 5 5 3 3 1 4 4 4 5
0 0 0 0 5 3 3 3 3 3 3 3 3 1 2 2 2 5
江泽民 和 夫人 王冶坪 ， 12月 19日 下午 乘 专机 于 16时 40分 抵达 澳门 国际 机场 。
0 10 17 0 8 6 6 6 22 17 19 6 6 22 5 17 17 8
0 0 0 0 5 3 3 3 5 5 5 3 3 1 4 4 4 5
0 0 0 0 5 3 3 3 3 3 3 3 3 1 2 2 2 5
1999年 郭晶晶 与 梁小桥 在 美国 跳水 大奖赛 夺得 女子 双人 跳板 金牌 。
6 0 19 0 19 5 22 17 22 17 11 17 17 8
3 0 0 0 5 4 4 4 1 2 2 2 2 5
3 0 0 0 5 4 1 2 2 2 2 2 2 5
龙应台 是 台北市 文化 局长 。
17 22 5 17 17 8
0 1 4 2 2 5
0 1 2 2 2 5
担任 台北市 文化局 局长 。
22 5 17 17 8
1 4 2 2 5
1 2 2 2 5
伊拉克 垂涎 科威特 的 石油 财富 。
5 22 5 21 17 17 8
0 1 4 5 2 2 5
0 1 2 2 2 2 5
赶赴 中国 。
22 5 8
1 4 5
1 2 5
贾迈利 是 印度 的 总统 。
0 22 5 21 17 8
0 1 4 5 2 5
0 1 2 2 2 5
李宇春 是 四川 音乐 学院 女 学生 。
0 22 5 17 17 11 17 8
0 1 4 4 4 2 2 5
0 1 2 2 2 2 2 5
李宇春 是 四川 音乐 学院 女 学生 。
0 22 5 17 17 11 17 8
0 1 4 4 4 2 2 5
0 1 2 2 2 2 2 5
李宇春 是 四川 音乐 学院 女 学生 。
0 22 5 17 17 11 17 8
0 1 4 4 4 2 2 5
0 1 2 2 2 2 2 5
2005年 超级 女声 全国 总 冠军 李宇春 毕业 于 四川 音乐 学院 通俗 音乐 学院 。
6 11 17 17 11 17 0 22 19 5 17 17 9 17 17 8
3 0 0 0 0 0 0 1 5 4 4 4 4 4 4 5
3 5 0 0 0 0 0 1 2 2 2 2 2 2 2 5
2005年 超级 女声 全国 总 冠军 李宇春 毕业 于 四川 音乐 学院 通俗 音乐 学院 。
6 11 17 17 11 17 0 22 19 5 17 17 9 17 17 8
3 0 0 0 0 0 0 1 5 4 4 4 4 4 4 5
3 5 0 0 0 0 0 1 2 2 2 2 2 2 2 5
2005年 超级 女声 全国 总 冠军 李宇春 毕业 于 四川 音乐 学院 通俗 音乐 学院 。
6 11 17 17 11 17 0 22 19 5 17 17 9 17 17 8
3 0 0 0 0 0 0 1 5 4 4 4 4 4 4 5
3 5 0 0 0 0 0 1 2 2 2 2 2 2 2 5
2005年 超级 女声 全国 总 冠军 李宇春 毕业 于 四川 音乐 学院 通俗 音乐 学院 。
6 11 17 17 11 17 0 22 19 5 17 17 9 17 17 8
3 0 0 0 0 0 0 1 5 4 4 4 4 4 4 5
3 5 0 0 0 0 0 1 2 2 2 2 2 2 2 5
2005年 超级 女声 全国 总 冠军 李宇春 毕业 于 四川 音乐 学院 通俗 音乐 学院 。
6 11 17 17 11 17 0 22 19 5 17 17 9 17 17 8
3 0 0 0 0 0 0 1 5 4 4 4 4 4 4 5
3 5 0 0 0 0 0 1 2 2 2 2 2 2 2 5
2005年 超级 女声 全国 总 冠军 李宇春 毕业 于 四川 音乐 学院 通俗 音乐 学院 。
6 11 17 17 11 17 0 22 19 5 17 17 9 17 17 8
3 0 0 0 0 0 0 1 5 4 4 4 4 4 4 5
3 5 0 0 0 0 0 1 2 2 2 2 2 2 2 5
南亚 海啸 已 在 南亚 及 东南亚 八 国 和 三 个 非洲 国家 索马里 、 肯尼亚 、 坦桑尼亚 造成 至少 五万五千 人 丧生 。
5 17 12 19 5 10 5 16 17 10 16 18 5 17 5 8 5 8 5 22 12 16 17 22 8
0 0 5 5 0 4 4 4 4 4 4 4 4 4 4 4 4 4 4 1 2 2 2 2 5
0 0 5 5 4 4 4 4 4 4 4 4 4 4 4 5 2 2 2 2 2 2 2 2 5
南亚 海啸 已 在 南亚 及 东南亚 八 国 和 三 个 非洲 国家 索马里 、 肯尼亚 、 坦桑尼亚 造成 至少 五万五千 人 丧生 。
5 17 12 19 5 10 5 16 17 10 16 18 5 17 5 8 5 8 5 22 12 16 17 22 8
0 0 5 5 0 4 4 4 4 4 4 4 4 4 4 4 4 4 4 1 2 2 2 2 5
0 0 5 5 4 4 4 4 4 4 4 4 4 4 4 5 2 2 2 2 2 2 2 2 5
南亚 海啸 已 在 南亚 及 东南亚 八 国 和 三 个 非洲 国家 索马里 、 肯尼亚 、 坦桑尼亚 造成 至少 五万五千 人 丧生 。
5 17 12 19 5 10 5 16 17 10 16 18 5 17 5 8 5 8 5 22 12 16 17 22 8
0 0 5 5 0 4 4 4 4 4 4 4 4 4 4 4 4 4 4 1 2 2 2 2 5
0 0 5 5 4 4 4 4 4 4 4 4 4 4 4 5 2 2 2 2 2 2 2 2 5
造成 东南亚 及 南亚 地区 的 重大 伤亡 的 南亚 海啸 。
22 5 10 5 17 21 9 22 21 5 17 8
1 4 4 4 4 5 2 2 5 4 0 5
1 4 4 4 4 5 5 5 5 2 2 5
造成 东南亚 及 南亚 地区 的 重大 伤亡 的 南亚 海啸 。
22 5 10 5 17 21 9 22 21 5 17 8
1 4 4 4 4 5 2 2 5 4 0 5
1 4 4 4 4 5 5 5 5 2 2 5
布什 在 卡特里娜 飓风 席卷 墨西哥湾 时 还 待 在 德州 农场 度假 。
0 19 0 17 22 5 17 12 22 19 5 17 22 8
0 5 3 3 3 3 5 5 5 5 4 4 1 5
0 0 0 0 1 2 2 2 2 2 2 2 2 5
布什 在 卡特里娜 飓风 席卷 墨西哥湾 时 还 待 在 德州 农场 度假 。
0 19 0 17 22 5 17 12 22 19 5 17 22 8
0 5 3 3 3 3 5 5 5 5 4 4 1 5
0 0 0 0 1 2 2 2 2 2 2 2 2 5
郭台铭 （ 生于 1950年 ） 是 鸿海 集团 的 董事长 。
0 8 22 6 8 22 4 17 21 17 8
0 5 5 5 5 1 4 4 5 2 5
0 5 1 2 5 1 2 2 2 2 5
郭台铭 （ 生于 1950年 ） 是 鸿海 集团 的 董事长 。
0 8 22 6 8 22 4 17 21 17 8
0 5 5 5 5 1 4 4 5 2 5
0 5 1 2 5 1 2 2 2 2 5
叶尔钦 是 苏联 一九九三年 的 总统 。
0 22 5 6 21 17 8
0 1 4 3 5 2 5
0 1 2 2 2 2 5
布什 总统 突然 造访 巴格达 是 为了 表明 美国 对 伊拉克 的 政策 要 发生 变化 。
0 17 9 22 5 22 19 22 5 19 5 21 17 22 22 22 8
0 0 5 1 4 5 5 5 5 5 5 5 5 5 5 5 5
0 0 0 1 2 2 2 2 2 2 2 2 2 2 2 2 5
美国 总统 突然 造访 巴格达 是 为了 表明 美国 对 伊拉克 的 政策 不 变 。
5 17 9 22 5 22 19 22 5 19 5 21 17 12 22 8
0 0 5 1 4 5 5 5 0 5 5 5 5 5 5 5
0 0 0 1 2 2 2 2 2 2 2 2 2 2 2 5
有 强有力 的 联盟 在 幕后 操纵 比赛 。
22 13 21 17 19 2 22 22 8
5 0 0 0 5 4 1 2 5
1 2 2 2 2 2 2 2 5
2004年 奥运 罗马尼亚 籍 世界 冠军 拳手 西蒙 在 16 强 赛 以 24 ： 36点数 落后 。
6 15 5 17 17 17 17 0 19 16 17 22 15 16 8 16 9 8
3 0 0 0 0 0 0 0 5 4 4 4 5 6 6 5 1 5
3 0 0 0 0 0 0 0 5 2 2 2 2 2 5 6 6 5
2004年 奥运 罗马尼亚 籍 世界 冠军 拳手 西蒙 在 16 强 赛 以 24 ： 36点数 落后 。
6 15 5 17 17 17 17 0 19 16 17 22 15 16 8 16 9 8
3 0 0 0 0 0 0 0 5 4 4 4 5 6 6 5 1 5
3 0 0 0 0 0 0 0 5 2 2 2 2 2 5 6 6 5
2004年 奥运 罗马尼亚 籍 世界 冠军 拳手 西蒙 在 16 强 赛 以 24 ： 36点数 落后 。
6 15 5 17 17 17 17 0 19 16 17 22 15 16 8 16 9 8
3 0 0 0 0 0 0 0 5 4 4 4 5 6 6 5 1 5
3 0 0 0 0 0 0 0 5 2 2 2 2 2 5 6 6 5
刘国梁 是 中国 男子 乒乓球队 教练 。
0 22 5 17 17 17 8
0 1 4 4 4 2 5
0 1 2 2 2 2 2
刘国梁 是 中国 男子 乒乓球队 教练 。
0 22 5 17 17 17 8
0 1 4 4 4 2 5
0 1 2 2 2 2 2
刘国梁 是 中国 男子 乒乓球队 教练 。
0 22 5 17 17 17 8
0 1 4 4 4 2 5
0 1 2 2 2 2 2
赵薇 是 少林 足球 女 主角 。
0 22 17 17 11 17 8
0 1 4 4 2 2 5
0 1 2 2 2 2 5
赵薇 是 少林 足球 女 主角 。
0 22 17 17 11 17 8
0 1 4 4 2 2 5
0 1 2 2 2 2 5
赵薇 参演 少 林 足球 。
0 22 9 17 17 8
0 1 4 4 4 5
0 1 2 2 2 5
赵薇 参演 少 林 足球 。
0 22 9 17 17 8
0 1 4 4 4 5
0 1 2 2 2 5
赵薇 参演 少 林 足球 。
0 22 9 17 17 8
0 1 4 4 4 5
0 1 2 2 2 5
新 旧 跨栏王 的 对决 ， 也 是 此 奥运 注目 的 焦点 。
9 9 17 21 22 8 12 22 20 15 22 21 17 8
0 0 0 0 0 5 5 1 5 4 2 0 2 5
0 0 0 0 1 5 5 1 2 2 2 2 2 5
飞人 刘翔 在 上海 国际 田径 黄金 大奖赛 男子 110 米 栏 决赛 中 ， 最终 以 13 秒 07 后来居上 ， 击败 艾伦 约翰逊 夺得 冠军 。
17 0 19 5 17 17 17 17 17 16 18 17 22 3 8 12 19 16 18 16 13 8 22 0 0 22 17 8
5 0 5 4 4 4 4 4 4 4 4 4 4 5 5 5 5 6 6 6 5 5 5 5 5 1 2 5
0 0 5 4 4 4 4 4 4 6 6 2 2 2 5 5 5 6 6 6 0 5 1 2 2 2 2 5
飞人 刘翔 在 上海 国际 田径 黄金 大奖赛 男子 110 米 栏 决赛 中 ， 最终 以 13 秒 07 后来居上 ， 击败 艾伦 约翰逊 夺得 冠军 。
17 0 19 5 17 17 17 17 17 16 18 17 22 3 8 12 19 16 18 16 13 8 22 0 0 22 17 8
5 0 5 4 4 4 4 4 4 4 4 4 4 5 5 5 5 6 6 6 5 5 5 5 5 1 2 5
0 0 5 4 4 4 4 4 4 6 6 2 2 2 5 5 5 6 6 6 0 5 1 2 2 2 2 5
中国 教育部 28日 向 新加坡 国家 图书馆 捐赠 1000 册 中文 图书 。
5 1 6 19 5 17 17 22 16 18 4 17 8
0 0 3 5 4 4 4 1 6 6 2 4 5
0 0 3 5 0 0 0 1 6 6 2 2 5
布什 突然 出现 在 巴格达 为 驻 伊拉克 美军 打气 。
0 9 22 19 5 22 22 5 15 22 8
0 5 1 5 4 5 5 5 5 5 5
0 0 1 5 2 2 2 2 2 2 5
包括 设 在 北京 的 微软 亚洲 研究院 。
22 22 19 5 21 1 5 17 8
5 1 5 4 5 0 0 0 5
0 1 5 2 2 2 2 2 5
2002年 全 美 职业 篮球 联盟 ( NBA ) 选秀 大会 将 在 纽约 举行 。
6 9 15 17 17 17 8 7 8 22 17 12 19 5 22 8
3 2 2 2 2 2 2 2 2 2 2 5 5 4 1 5
3 3 0 0 0 0 0 0 5 1 2 2 2 2 2 5
电影 《 头 文字 D 》 与 《 世界大战 》 将 正面 竞争 我国 票房 市场 。
17 8 17 17 7 8 19 8 13 8 12 12 22 17 17 17 8
0 0 0 0 0 0 5 0 2 0 5 1 1 4 2 2 5
0 0 0 0 0 0 5 5 5 5 5 5 1 2 2 2 5
伊朗 全境 基本 都 处于 欧 亚 地震 带 上 。
5 17 9 12 22 15 15 17 22 22 8
0 0 5 5 1 4 4 4 4 4 5
0 0 0 5 1 2 2 2 2 2 5
伊朗 全境 基本 都 处于 欧 亚 地震 带 上 。
5 17 9 12 22 15 15 17 22 22 8
0 0 5 5 1 4 4 4 4 4 5
0 0 0 5 1 2 2 2 2 2 5
伊朗 全境 基本 都 处于 欧 亚 地震 带 上 。
5 17 9 12 22 15 15 17 22 22 8
0 0 5 5 1 4 4 4 4 4 5
0 0 0 5 1 2 2 2 2 2 5
伊朗 全境 基本 都 处于 欧 亚 地震 带 上 。
5 17 9 12 22 15 15 17 22 22 8
0 0 5 5 1 4 4 4 4 4 5
0 0 0 5 1 2 2 2 2 2 5
伊朗 全境 基本 都 处于 欧 亚 地震 带 上 。
5 17 9 12 22 15 15 17 22 22 8
0 0 5 5 1 4 4 4 4 4 5
0 0 0 5 1 2 2 2 2 2 5
三峡 工程 蓄水 一 周年 来 , 三峡 库区 地震 活动 有所 增多 。
5 17 22 16 18 22 8 5 17 17 22 22 22 8
3 3 3 3 3 5 5 3 4 0 0 5 1 5
0 0 1 6 6 1 5 2 2 2 2 2 2 5
三峡 工程 蓄水 一 周年 来 , 三峡 库区 地震 活动 有所 减少 。
5 17 22 16 18 22 8 5 17 17 22 22 22 8
3 3 3 3 3 5 5 3 4 0 0 5 1 5
0 0 1 6 6 1 5 2 2 2 2 2 2 5
张维平 是 2002年 中国 数学会 副 会长 。
0 22 6 5 17 11 17 8
0 3 3 4 4 2 2 5
0 1 2 2 2 2 2 2
张维平 是 2002年 中国 数学会 副 会长 。
0 22 6 5 17 11 17 8
0 3 3 4 4 2 2 5
0 1 2 2 2 2 2 2
英国 一 项 最新 调查 报告 显示 , 英国 学生 的 整体 数学 水平 正在 下降 。
5 16 18 9 22 17 22 8 5 17 21 17 17 17 12 22 8
4 6 6 0 0 0 1 5 4 2 2 2 2 2 2 2 5
0 6 6 2 2 2 2 2 2 2 2 2 2 2 2 2 5
英国 一 项 最新 调查 报告 显示 , 英国 学生 的 整体 数学 水平 正在 提高 。
5 16 18 9 22 17 22 8 5 17 21 17 17 17 12 22 8
4 6 6 0 0 0 1 5 4 2 2 2 2 2 2 2 5
0 6 6 2 2 2 2 2 2 2 2 2 2 2 2 2 5
陈省身 是 中国 科学院 外籍 院士 。
0 22 5 17 17 17 8
0 1 4 4 2 2 5
0 1 2 2 2 2 2
陈省身 是 中国 科学院 外籍 院士 。
0 22 5 17 17 17 8
0 1 4 4 2 2 5
0 1 2 2 2 2 2
反 美 的 恐怖 分子 主要 来自 中东 地区 的 阿拉伯 国家 。
22 15 21 9 17 12 22 5 17 21 5 17 8
0 0 0 0 0 5 1 4 4 0 4 4 5
0 0 0 0 0 5 1 2 2 2 2 2 5
反 美 的 恐怖 分子 主要 来自 中东 地区 的 阿拉伯 国家 。
22 15 21 9 17 12 22 5 17 21 5 17 8
0 0 0 0 0 5 1 4 4 0 4 4 5
0 0 0 0 0 5 1 2 2 2 2 2 5
反 美 的 恐怖 分子 主要 来自 中东 地区 的 阿拉伯 国家 。
22 15 21 9 17 12 22 5 17 21 5 17 8
0 0 0 0 0 5 1 4 4 0 4 4 5
0 0 0 0 0 5 1 2 2 2 2 2 5
反 美 的 恐怖 分子 主要 来自 中东 地区 的 阿拉伯 国家 。
22 15 21 9 17 12 22 5 17 21 5 17 8
0 0 0 0 0 5 1 4 4 0 4 4 5
0 0 0 0 0 5 1 2 2 2 2 2 5
曾呈奎 是 中国 科学院 资深 院士 。
0 22 5 17 11 17 8
0 1 4 4 2 2 5
0 1 2 2 2 2 5
曾呈奎 是 中国 科学院 资深 院士 。
0 22 5 17 11 17 8
0 1 4 4 2 2 5
0 1 2 2 2 2 5
在 08年 奥运会 跨栏 的 赛场 上 ， 我们 看到 了 刘翔 加 张梓琳 “ 金童玉女 ” 组合 的 精彩 表演 。
19 6 15 22 21 17 3 8 20 22 21 0 22 0 8 13 8 22 21 9 22 8
5 4 4 4 4 4 5 5 0 1 5 2 2 2 2 2 2 2 4 2 2 5
5 3 3 3 5 5 5 5 5 5 5 0 1 2 2 2 2 2 2 2 2 5
吴文俊 是 中国 科学院 院士 。
0 22 5 17 17 8
0 1 4 4 2 5
0 1 2 2 2 5
吴文俊 是 中国 科学院 院士 。
0 22 5 17 17 8
0 1 4 4 2 5
0 1 2 2 2 5
他 在 数学 机械化 和 拓扑学 等 方面 均 作出 了 开创性 的 贡献 。
20 19 17 22 10 22 21 17 12 22 21 17 21 17 8
0 5 4 4 4 4 4 4 5 1 5 2 2 2 5
0 0 0 0 0 1 5 2 2 2 2 2 2 2 5
《 三国演义 》 、 《 水浒传 》 、 《 西游记 》 、 和 《 红楼梦 》 被 称为 中国 的 四 大 名著 。
8 4 8 8 8 4 8 8 8 4 8 8 10 8 4 8 19 22 5 21 16 9 17 8
0 0 0 0 0 0 0 0 0 0 0 0 0 0 0 0 5 1 4 5 2 2 2 5
0 0 0 0 0 0 0 0 0 0 0 0 0 0 0 5 5 1 2 2 2 2 2 5
《 三国演义 》 、 《 水浒传 》 、 《 西游记 》 、 和 《 红楼梦 》 被 称为 中国 明清 时代 的 四 大 名著 。
8 4 8 8 8 4 8 8 8 4 8 8 10 8 4 8 19 22 5 6 17 21 16 9 17 8
0 0 0 0 0 0 0 0 0 0 0 0 0 0 0 0 5 1 4 3 3 5 2 2 2 5
0 0 0 0 0 0 0 0 0 0 0 0 0 0 0 5 5 1 2 2 2 2 2 2 2 5
HBO 的 《 美国 天使 》 在 第61 届 金球奖 中 大获全胜 。
7 21 8 5 17 8 19 16 18 17 3 13 8
0 0 0 0 0 0 5 6 6 4 5 1 5
0 0 5 4 4 5 5 6 6 2 2 2 5
指环王 3 在 第61 届 金球奖 颁奖 典礼 上 毫无斩获 。
17 16 19 16 18 17 22 17 3 13 8
0 0 5 6 6 4 4 4 5 1 5
0 0 5 6 6 2 2 2 2 2 5
指环王 3 在 第61 届 金球奖 颁奖 典礼 上 毫无斩获 。
17 16 19 16 18 17 22 17 3 13 8
0 0 5 6 6 4 4 4 5 1 5
0 0 5 6 6 2 2 2 2 2 5
指环王 3 在 第61 届 金球奖 颁奖 典礼 上 毫无斩获 。
17 16 19 16 18 17 22 17 3 13 8
0 0 5 6 6 4 4 4 5 1 5
0 0 5 6 6 2 2 2 2 2 5