17 8 20 12 22
16 17 7 17 8
5 17 8 4 8
8 4 8 21 17
17 21 8 4 8
21 8 4 8 8
7 13 17 10 7
13 17 10 7 17
17 10 7 17 21
10 7 17 21 22
5 22 17 22 22
22 17 22 22 22
8 6 5 21 17
5 21 17 22 22
22 22 17 17 8
16 18 15 9 22
16 18 15 22 22
17 22 5 22 16
8 5 17 22 17
5 17 22 17 22
17 22 17 22 22
18 21 17 17 9
21 17 17 9 22
17 19 0 17 22
19 0 17 22 9
21 22 17 17 19
21 17 17 17 8
5 17 17 0 21
17 17 0 21 22
22 17 17 22 17
16 17 17 17 10
17 17 17 10 17
17 17 10 17 17
17 10 17 17 22
10 17 17 22 8
20 21 17 17 8
22 22 17 3 17
9 22 3 8 12
22 21 17 22 22
17 22 0 0 8
5 22 8 17 17
22 8 17 17 17
8 17 17 17 8
17 17 17 8 17
17 17 8 17 21
17 8 17 21 12
8 17 21 12 22
22 21 17 17 17
17 17 17 8 22
8 22 17 8 17
22 17 8 17 8
8 21 17 17 12
21 17 17 12 22
17 22 0 10 0
22 0 10 0 22
0 10 0 22 0
10 0 22 0 8
19 16 17 22 22
19 22 10 22 21
22 21 11 17 22
21 11 17 22 19
22 19 17 22 22
22 21 11 22 22
21 11 22 22 19
17 19 5 17 0
19 5 17 0 8
16 18 5 17 21
18 5 17 21 5
5 17 21 5 17
17 21 5 17 22
21 5 17 22 20
17 22 17 22 8
8 16 17 12 22
22 22 17 17 21
22 17 17 21 5
17 17 21 5 17
21 5 17 22 0
17 21 5 17 0
21 5 17 0 8
15 15 17 12 22
22 19 5 21 17
19 6 5 17 0
6 5 17 0 21
5 17 0 21 22
16 18 17 22 4
16 18 17 16 22
16 18 17 12 22
22 21 17 15 22
21 17 15 22 17
17 15 22 17 8
5 8 17 8 17
8 17 8 17 22
17 8 17 22 17
9 21 7 22 17
21 7 22 17 12
7 22 17 12 9
22 17 12 9 8
17 17 22 9 8
22 21 5 17 22
21 5 17 22 17
5 17 22 17 8
22 21 17 22 16
22 8 0 21 22
8 0 21 22 17
4 21 5 17 8
21 8 15 15 17
21 22 15 15 3
16 16 17 22 8
5 22 9 17 19
22 9 17 19 17
17 22 17 19 17
22 17 19 17 22
17 19 17 22 22
19 17 22 22 22
22 22 22 17 21
22 22 17 21 22
16 18 21 17 22
17 22 21 11 17
22 21 11 17 8
12 22 17 9 8
5 22 2 17 22
22 2 17 22 7
7 22 17 21 17
22 17 21 17 17
17 21 17 17 12
17 21 17 22 22
19 22 5 19 5
5 19 5 21 17
19 5 21 17 12
5 21 17 12 22
8 1 17 17 17
1 17 17 17 8
17 17 17 8 8
22 5 11 17 8
22 8 17 0 12
17 22 0 21 22
22 20 17 22 8
22 13 21 17 19
13 21 17 19 2
22 8 5 19 16
12 22 7 21 7
22 4 21 17 8
17 22 17 16 9
17 16 9 17 8
8 22 17 22 7
8 22 17 22 5
8 8 0 8 0
8 0 8 0 8
0 8 0 8 0
8 0 8 0 17
0 8 0 17 8
18 19 0 17 21
17 21 3 17 17
21 3 17 17 0
3 17 17 0 0
17 17 0 0 8
15 22 21 17 8
6 8 9 20 17
8 9 20 17 22
9 20 17 22 16
17 22 17 8 22
22 17 9 17 21
21 8 17 12 17
8 17 12 17 8
17 12 17 8 8
18 18 7 17 8
22 19 0 10 0
19 0 10 0 22
0 10 0 22 21
5 21 1 5 17
21 1 5 17 8
22 21 17 0 8
16 18 9 7 17
18 9 7 17 8
9 7 17 8 17
7 17 8 17 22
17 8 17 22 8
8 17 22 8 22
5 17 17 22 22
17 17 22 22 22
15 22 21 17 17
8 22 5 22 17
17 22 5 22 17
22 21 20 21 22
22 21 17 17 12
3 8 17 0 19
8 17 0 19 0
18 9 22 17 22
9 22 17 22 8
9 22 17 19 17
22 17 17 22 8
18 21 5 17 21
21 5 17 21 8
3 8 5 12 22
3 22 16 18 17
18 3 5 12 22
22 8 5 12 22
12 22 15 15 3