9 22 17 17 22
13 21 5 17 17
6 22 17 8 12
12 22 4 17 21
22 4 17 21 17
6 22 17 16 8
22 19 17 20 15
19 17 20 15 17
17 20 15 17 21
20 15 17 21 16
3 8 5 17 22
15 15 16 17 15
15 16 17 15 11
22 22 5 22 8
17 22 17 3 12
22 22 5 5 17
22 5 5 17 17
5 5 17 17 0
5 22 5 17 17
22 11 5 17 22
17 22 5 17 8
5 22 17 17 21
22 17 17 21 22
0 22 5 17 17
22 5 17 17 17
12 22 5 22 21
16 18 5 17 17
22 22 20 17 17
22 20 17 17 17
9 21 17 17 17
21 17 17 17 16
17 17 17 16 17
17 19 5 6 15
3 21 17 3 22
3 22 5 22 8
0 22 17 17 8
10 22 5 9 22
10 22 2 21 17
17 22 20 17 8
22 5 17 15 11
5 17 15 11 17
12 22 5 17 17
22 5 17 17 22
5 17 17 22 17
17 17 22 17 17
17 22 17 17 11
20 22 5 17 17
17 22 17 17 17
22 19 17 3 8
6 22 5 17 17
22 5 17 17 8
5 22 17 22 17
17 22 5 17 17
5 22 5 21 17
0 22 5 21 17
22 5 17 17 11
5 17 17 11 17
22 19 5 17 17
19 5 17 17 9
5 17 17 9 17
17 17 9 17 17
17 9 17 17 8
5 8 5 8 5
8 5 8 5 22
5 8 5 22 12
22 21 5 17 8
22 19 5 17 22
19 5 17 22 8
8 22 4 17 21
0 22 5 6 21
9 22 5 22 19
17 19 2 22 22
0 19 16 17 22
19 16 17 22 15
16 17 22 15 16
5 17 17 17 8
0 22 17 17 11
22 17 17 11 17
0 22 9 17 17
22 9 17 17 8
22 20 15 22 21
16 18 17 22 3
18 17 22 3 8
22 19 5 22 22
22 19 5 21 1
12 19 5 22 8
12 22 17 17 17
12 22 15 15 17
22 15 15 17 22
15 15 17 22 22
15 17 22 22 8
8 5 17 17 22
22 6 5 17 11
6 5 17 11 17
22 8 5 17 21
12 22 5 17 21
22 5 17 21 5
17 21 5 17 8
0 22 5 17 11
22 5 17 11 17
8 22 21 9 22
22 21 17 12 22
19 22 5 21 16
19 22 5 6 17
16 18 17 3 13
16 18 17 22 17
18 17 22 17 3
17 22 17 3 13