22 8 20 22 0
8 20 22 0 16
20 22 0 16 18
5 8 5 17 8
8 5 17 8 10
17 8 10 0 12
8 10 0 12 22
5 21 17 10 17
21 17 10 17 22
17 10 17 22 19
21 17 17 17 8
16 17 7 17 8
22 17 17 22 17
3 21 8 16 18
0 16 18 17 19
16 18 17 19 16
9 17 17 22 0
17 17 22 0 21
17 22 0 21 16
22 0 21 16 18
16 18 17 17 6
18 17 17 6 19
22 8 17 16 17
8 17 16 17 17
7 13 17 10 7
13 17 10 7 17
17 10 7 17 21
10 7 17 21 22
19 6 5 17 22
8 17 8 17 22
22 20 17 22 8
16 18 17 10 16
0 19 0 22 22
0 22 17 22 22
22 17 22 22 9
22 15 15 16 17
15 15 16 17 22
15 16 17 22 12
22 10 17 22 8
0 16 17 6 6
22 11 5 17 22
11 5 17 22 17
0 17 8 0 17
17 8 0 17 8
8 0 17 8 19
0 19 0 19 6
1 17 17 17 8
22 22 17 17 8
0 8 7 8 17
8 7 8 17 9
7 8 17 9 17
8 17 9 17 8
17 9 17 8 6
0 10 17 22 8
22 0 8 0 8
0 8 0 8 0
12 22 17 22 8
22 17 22 8 17
17 22 8 17 22
22 8 17 22 8
17 22 17 22 22
22 21 11 17 8
16 18 13 3 19
18 13 3 19 22
22 17 17 10 17
17 17 10 17 19
17 10 17 19 16
22 21 17 17 17
17 17 17 8 22
8 22 17 8 17
22 17 8 17 8
12 22 22 17 17
22 22 17 17 22
22 17 17 22 21
22 17 21 17 17
22 22 17 17 21
17 22 17 8 17
17 8 17 8 5
17 17 8 17 21
22 22 17 8 7
22 17 8 7 8
17 8 7 8 8
8 7 8 8 17
7 8 8 17 8
8 8 17 8 12
8 17 8 12 22
8 9 17 17 8
9 17 17 8 21
17 17 8 21 17
0 22 0 12 22
5 17 17 13 8
16 18 5 17 21
18 5 17 21 5
5 17 21 5 17
17 21 5 17 22
21 5 17 22 20
22 17 17 21 5
22 21 17 22 16
5 10 5 12 19
5 3 17 0 8
17 22 17 0 22
22 17 0 22 19
22 10 5 22 8
22 17 17 21 17
5 22 22 8 0
22 22 8 0 17
22 8 0 17 8
8 0 17 8 8
0 17 8 8 17
17 8 8 17 17
8 8 17 17 8
8 17 17 8 8
17 17 17 12 16
7 22 17 21 17
15 22 23 17 22
22 23 17 22 8
16 18 17 12 22
17 8 17 22 8
22 22 22 17 21
20 21 17 17 8
17 10 17 3 12
22 4 21 17 8
20 22 9 21 17
22 9 21 17 17
9 21 17 17 8
21 17 17 8 9
16 18 0 21 17
4 8 4 17 8
8 4 17 8 0
4 17 8 0 8
17 8 0 8 11
17 17 22 9 8
22 22 9 21 17
22 9 21 17 22
9 21 17 22 8
22 16 23 11 17
16 23 11 17 8
0 8 0 0 8
8 0 0 8 8
5 17 22 17 22
22 19 8 15 15
19 8 15 15 17
8 15 15 17 2
15 15 17 2 22
17 22 0 0 6
22 0 0 6 12
16 6 0 17 8
4 21 5 17 8
16 18 17 22 19
22 21 11 22 22
22 16 17 22 8
16 16 17 22 8
5 22 17 5 22
22 17 5 22 9
22 21 5 17 22
21 5 17 22 17
22 8 5 17 0
8 5 17 0 21
5 17 0 21 11
0 21 11 17 12
21 11 17 12 16
5 22 19 5 15
22 19 5 15 19
19 5 15 19 17
5 15 19 17 22
15 19 17 22 8
17 22 10 7 8
22 10 7 8 7
10 7 8 7 10
7 8 7 10 7
8 7 10 7 22
7 10 7 22 17
17 21 17 17 12
21 17 17 12 22
5 19 5 21 17
19 5 21 17 22
5 21 17 22 22
19 5 21 17 12
5 21 17 12 22
22 22 8 15 17
22 8 15 17 17
8 15 17 17 8
15 17 17 8 22
22 17 10 17 17
17 10 17 17 22
10 17 17 22 21
0 22 17 8 16
22 21 17 8 16
12 22 7 21 7
22 5 4 17 22
5 4 17 22 22
17 22 5 22 17
22 21 17 8 10
17 22 5 22 16
22 8 17 6 22
19 5 4 22 21
22 19 5 4 22
5 10 5 17 19
10 5 17 19 2
10 22 17 21 22
22 17 21 22 22
21 8 17 12 17
8 17 12 17 8
6 9 15 17 17
9 15 17 17 17
15 17 17 17 8
17 17 17 8 7
17 17 8 7 8
17 8 7 8 22
22 21 17 0 8
22 8 0 22 8
22 22 11 17 10
11 17 10 11 17
17 10 11 17 16
8 17 17 8 16
22 21 17 16 18
15 22 21 17 17
20 21 22 17 12
21 22 17 12 22
22 19 15 17 22
19 15 17 22 8
1 19 1 19 22
6 19 0 1 22
19 0 1 22 8
22 21 0 22 0
8 17 0 8 5
8 17 8 8 8
17 8 8 8 17
8 8 8 17 17
0 8 1 11 17
8 1 11 17 8
0 8 0 8 15
8 0 8 15 8
0 8 15 8 0
8 15 8 0 10
15 8 0 10 0
8 0 10 0 8
22 22 0 8 0