22 8 20 22 0
8 20 22 0 16
22 5 8 5 17
10 0 12 22 22
22 9 8 12 9
9 8 12 9 21
8 12 9 21 17
12 9 21 17 8
9 21 17 8 20
8 20 12 22 22
20 12 22 22 6
5 22 21 16 17
22 22 19 6 6
6 6 19 5 22
4 8 21 17 8
22 3 8 17 8
3 8 17 8 21
8 17 8 21 17
17 8 21 17 17
8 21 17 17 8
3 21 8 16 18
18 22 8 17 17
22 0 21 16 18
16 18 21 17 22
22 17 8 12 22
17 8 12 22 17
22 8 12 22 19
8 12 22 19 12
12 22 19 12 22
22 19 12 22 21
19 12 22 21 4
12 22 21 4 7
0 19 20 21 8
19 20 21 8 17
20 21 8 17 8
21 8 17 8 17
8 17 8 17 22
17 8 17 22 22
22 0 8 0 16
22 9 8 22 17
0 19 9 8 22
19 9 8 22 17
11 17 8 7 8
17 8 7 8 22
8 7 8 22 17
7 8 22 17 8
22 5 19 5 22
22 5 8 6 8
8 6 8 17 0
17 0 8 7 8
0 8 7 8 8
3 22 17 10 9
22 17 10 9 8
3 9 22 17 8
0 17 8 0 17
0 17 8 19 5
22 21 8 9 17
21 8 9 17 8
8 9 17 8 8
0 8 7 8 17
8 7 8 17 9
7 8 17 9 17
8 17 9 17 8
17 9 17 8 6
9 17 8 6 6
22 8 22 21 17
8 22 21 17 8
22 21 17 8 8
22 22 8 22 21
22 21 17 8 21
21 17 8 21 17
17 8 21 17 8
22 0 8 0 8
22 17 8 17 17
17 8 17 17 8
8 17 17 8 8
22 22 21 22 22
22 21 22 22 8
17 22 8 17 22
22 8 17 22 8
8 17 22 8 17
22 8 17 22 22
8 17 22 22 8
17 22 22 8 17
22 22 8 17 12
22 8 17 12 22
8 17 12 22 8
17 12 22 8 22
12 22 8 22 17
8 22 17 19 22
22 17 19 22 8
17 19 22 8 17
19 22 8 17 22
17 22 8 17 9
22 8 17 9 10
8 17 9 10 20
17 9 10 20 22
9 10 20 22 21
10 20 22 21 22
20 22 21 22 8
22 21 22 17 22
13 3 19 22 21
19 22 21 11 17
16 8 22 17 8
8 22 17 8 8
17 17 8 22 17
17 8 22 17 8
8 22 17 8 17
22 17 8 17 8
19 6 3 8 12
6 3 8 12 22
3 8 12 22 22
8 12 22 22 17
17 17 8 17 21
17 8 17 21 16
22 17 8 7 8
17 8 7 8 8
8 7 8 8 17
7 8 8 17 8
8 8 17 8 12
8 17 8 12 22
8 7 8 21 8
12 19 17 8 9
19 17 8 9 17
17 8 9 17 17
8 9 17 17 8
9 17 17 8 17
17 17 8 17 8
22 22 21 21 17
22 21 21 17 19
21 21 17 19 16
21 17 19 16 17
17 19 16 17 22
16 17 22 22 5
12 22 8 17 8
22 8 17 8 8
12 22 8 17 17
22 8 17 17 8
17 19 19 22 5
16 18 19 5 17
5 17 3 22 22
12 19 17 22 8
9 22 8 9 8
22 8 9 8 17
8 9 8 17 10
9 8 17 10 22
8 17 10 22 8
10 3 20 22 22
9 17 8 12 22
17 8 12 22 22
8 12 22 22 13
12 22 22 13 21
22 22 13 21 17
22 13 21 17 8
6 17 8 22 22
17 8 22 22 16
6 22 19 5 22
22 22 8 0 17
0 17 8 8 17
17 8 8 17 17
8 8 17 17 8
17 17 8 8 20
18 21 17 11 17
21 17 11 17 8
9 22 8 17 8
22 8 17 8 17
17 8 17 22 8
16 17 12 12 17
17 12 12 17 8
9 8 10 12 22
8 10 12 22 22
10 12 22 22 17
17 22 17 13 8
22 4 8 4 17
16 17 8 12 9
17 8 12 9 8
17 22 8 17 17
22 8 17 17 22
8 17 17 22 9
17 22 9 8 17
22 9 8 17 22
9 8 17 22 8
22 0 8 0 0
12 22 9 17 8
22 22 8 22 8
22 8 22 8 22
8 22 8 22 8
22 8 22 8 17
8 22 8 17 21
22 8 17 21 17
8 17 21 17 8
22 17 8 3 8
5 17 3 22 16
22 17 8 9 17
17 8 9 17 8
9 17 8 8 6
12 22 21 11 17
12 9 8 12 12
9 8 12 12 9
8 12 12 9 21
12 12 9 21 16
12 9 21 16 18
17 22 8 13 8
22 8 13 8 17
8 13 8 17 8
19 6 19 5 5
5 22 21 11 22
17 22 8 16 16
15 17 8 10 22
17 8 10 22 22
8 10 22 22 17
10 22 22 17 8
5 22 19 5 15
17 22 8 20 10
17 17 8 20 17
15 19 17 22 8
22 8 20 10 22
8 20 10 22 17
20 10 22 17 17
10 22 17 17 8
22 17 17 8 20
17 8 20 17 22
8 20 17 22 12
20 17 22 12 22
17 22 12 22 13
22 12 22 13 8
17 22 5 17 8
21 22 22 5 8
12 9 12 22 22
9 12 22 22 12
12 22 22 12 9
22 22 12 9 17
22 12 9 17 8
6 21 8 17 8
21 8 17 8 22
8 17 8 22 9
5 22 21 22 8
5 17 21 22 17
22 22 8 15 17
17 17 8 22 19
8 17 0 12 22
17 0 12 22 5
5 8 10 19 5
8 10 19 5 17
22 21 8 16 18
22 17 8 16 18
21 17 8 16 18
20 19 20 12 9
7 12 12 22 7
19 8 13 8 21
6 17 8 9 17
9 17 17 8 22
17 17 8 22 22
21 17 8 17 8
17 8 17 8 8
10 22 21 17 8
22 21 17 8 10
21 8 13 8 8
17 22 8 0 8
8 0 8 8 8
0 8 8 8 17
8 8 8 17 8
8 8 17 8 8
8 17 8 8 8
17 8 8 8 17
17 3 8 13 8
3 8 13 8 8
16 9 21 11 9
9 21 11 9 17
21 11 9 17 8
17 21 8 17 12
21 8 17 12 17
8 17 12 17 8
17 12 17 8 22
12 17 8 22 19
8 17 8 22 19
17 22 8 22 9
21 17 8 21 9
17 8 21 9 17
8 21 9 17 8
7 8 22 17 12
8 22 17 12 19
19 8 13 8 12
0 22 8 13 8
22 8 13 8 19
8 13 8 19 17
13 8 19 17 21
8 19 17 21 22
19 17 21 22 17
17 21 22 17 22
21 22 17 22 22
22 17 22 22 6
17 22 22 6 6
6 6 3 8 19
3 8 19 8 17
8 19 8 17 17
19 8 17 17 7
8 17 17 7 8
17 17 7 8 22
17 7 8 22 16
17 17 8 16 18
16 18 21 22 8
22 8 17 16 18
16 18 21 20 22
20 22 8 22 12
22 8 22 12 22
8 22 12 22 5
20 17 8 22 17
19 0 12 22 13
15 22 21 20 17
17 17 12 22 8
17 22 8 17 21
17 21 17 8 8
11 21 17 17 17
21 17 17 17 8
22 19 20 22 9
12 9 8 17 12
9 8 17 12 9
8 17 12 9 21
17 12 9 21 16
22 17 8 5 17
22 0 8 13 8
0 8 13 8 22
8 13 8 22 21
13 8 22 21 9
22 21 9 22 8
22 21 17 21 17
21 17 21 17 8
8 22 8 4 8
22 8 4 8 8
8 4 8 8 8
4 8 8 8 4
8 8 8 4 8
8 8 4 8 8
0 8 9 8 19
8 9 8 19 8
9 8 19 8 22
8 19 8 22 8
19 8 22 8 21
8 22 8 21 17
12 22 19 16 18
18 16 21 8 11
16 21 8 11 17
21 8 11 17 8
8 11 17 8 8
8 8 8 17 17
17 17 8 8 8
17 17 8 23 22
17 8 23 22 22
8 23 22 22 8
23 22 22 8 23
22 22 8 23 11
22 8 23 11 17
8 23 11 17 8
23 11 17 8 23
11 17 8 23 17
17 8 23 17 8