19 20 21 22 8
21 22 8 20 22
5 17 8 10 0
8 7 5 17 17
20 19 5 17 8
19 5 17 8 4
5 17 8 4 8
17 8 4 8 22
22 3 21 8 16
1 22 8 17 16
12 22 21 4 7
19 17 21 11 22
17 21 11 22 10
21 11 22 10 17
11 22 10 17 21
22 10 17 21 22
10 17 21 22 22
8 0 19 17 17
3 22 17 22 5
22 17 3 16 18
0 22 22 17 3
22 22 17 3 16
22 3 8 0 22
17 22 22 21 22
22 22 21 22 17
5 17 22 22 5
17 20 16 17 22
20 16 17 22 5
5 19 17 22 17
5 22 10 17 22
5 15 21 22 8
0 10 22 19 17
10 22 19 17 22
22 19 17 22 19
19 0 10 17 22
0 10 16 17 19
21 17 3 8 22
4 17 3 8 17
17 3 8 17 21
21 22 19 11 4
22 19 11 4 17
4 17 3 9 22
5 17 3 12 22
19 22 22 17 10
22 22 17 10 17
22 17 10 17 19
17 17 22 22 17
17 22 22 17 8
17 8 21 17 22
22 5 17 21 17
5 17 21 17 17
17 21 17 17 10
21 17 17 10 22
17 17 10 22 2
17 17 21 5 17
8 4 8 21 17
4 8 21 17 22
19 17 21 22 21
10 5 12 22 5
4 22 10 5 22
6 17 22 22 17
10 20 22 17 22
20 22 17 22 22
17 22 19 17 17
22 19 17 17 0
19 17 17 0 7
17 17 0 7 17
0 7 17 8 22
5 15 17 8 15
17 22 19 22 22
9 16 16 18 3
16 16 18 3 22
16 18 3 22 17
18 3 22 17 9
3 22 17 9 17
22 17 9 17 17
17 9 17 17 17
9 17 17 17 3
17 17 17 3 21
17 17 3 21 12
17 3 21 12 22
10 17 3 12 22
19 17 17 22 22
17 17 9 17 19
17 9 17 19 5
17 17 21 22 22
10 5 21 17 22
5 17 9 22 8
5 17 21 22 8
5 15 21 9 17
20 19 8 17 22
19 8 17 22 20
16 17 22 22 5
13 3 8 5 17
11 17 21 17 8
5 22 19 8 15
22 17 3 8 17
17 3 8 17 17
17 0 10 19 17
0 22 22 17 0
17 17 22 17 21
17 22 17 21 12
22 17 21 12 22
17 22 21 11 17
6 0 19 17 22
0 19 17 22 5
17 8 21 22 8
0 17 9 22 5
19 22 5 19 5
5 17 9 22 5
17 21 9 22 8
16 22 11 17 0
22 11 17 0 21
11 17 0 21 17
17 0 21 17 21
0 21 17 21 17
21 17 21 17 19
0 20 17 8 19
20 17 8 19 6
0 22 21 17 8
17 16 21 17 8
17 17 21 8 5
17 17 9 22 22
9 17 12 22 16
0 10 0 17 22
0 17 22 22 9
17 17 17 7 8
17 17 7 8 5
21 17 8 10 22
17 8 10 22 9
7 22 8 17 6
19 15 3 22 10
15 3 22 10 22
3 22 10 22 22
18 16 13 8 22
17 3 21 17 17
6 5 15 22 16
19 13 8 17 22
5 17 19 2 17
17 17 3 22 22
19 5 21 1 17
19 22 8 0 22
17 9 22 22 11
5 17 9 12 22
7 22 21 17 16
19 17 3 22 8
22 9 21 17 3
9 21 17 3 22
21 17 3 22 12
17 22 19 15 17
5 21 8 16 9
0 8 16 8 17
8 16 8 17 0
16 18 21 17 12
0 17 20 0 0
20 0 0 22 17