0 19 17 17 15
19 17 17 15 22
17 17 15 22 3
19 3 5 22 8
6 8 5 17 0
17 22 17 3 16
0 22 17 22 8
0 22 15 15 16
0 19 17 21 22
20 22 5 17 17
22 5 17 17 22
5 17 17 22 17
6 5 4 22 10
5 4 22 10 5
5 17 17 16 18
19 5 5 22 21
0 22 18 17 22
22 18 17 22 17
5 10 5 21 17
19 5 17 22 17
3 8 5 17 0
5 15 17 22 17
15 17 22 17 3
17 22 17 3 8
6 4 17 22 8
8 17 7 8 17
17 7 8 17 17
0 19 4 17 17
19 4 17 17 21
4 17 17 21 8
22 17 17 17 7
5 17 17 3 21
17 17 3 21 17
6 19 5 17 17
19 5 17 17 22
5 17 17 22 16
0 19 17 17 3
19 17 17 3 22
22 19 5 21 1
6 19 5 4 17
19 5 4 17 22
5 4 17 22 17
7 19 17 3 22
6 17 5 22 17
22 22 17 22 3
20 19 17 22 10
19 17 22 10 22
17 22 10 22 21
0 22 17 16 18