22 12 9 21 17
9 17 22 22 22
12 9 22 17 22
17 22 22 22 8
22 17 22 5 8
17 22 22 17 16
22 3 22 17 8
5 17 22 22 5
3 12 22 22 8
18 15 9 22 22
15 9 22 22 22
17 12 9 22 8
22 5 22 16 17
22 17 22 22 8
17 17 9 22 22
17 9 22 22 17
9 22 22 17 8
16 18 9 22 22
18 9 22 22 5
9 22 22 5 21
16 18 9 22 17
18 9 22 17 8
0 17 22 9 17
17 22 22 4 17
12 22 22 5 10
3 12 22 17 4
22 3 22 17 10
22 5 22 21 16
12 22 22 20 17
17 22 19 22 22
22 19 22 22 8
19 22 22 8 22
8 10 22 17 8
17 22 22 22 17
22 22 22 17 3
17 22 9 22 8
17 22 22 17 22
3 22 22 17 17
22 21 22 21 17
8 10 22 16 8
17 21 12 22 22
21 12 22 22 21
12 22 22 21 22
17 22 22 17 19
22 22 17 19 6
3 12 22 4 8
17 12 22 4 8
22 5 9 22 8
21 17 12 22 5
17 12 22 5 21
11 17 22 19 17
11 22 22 19 17
13 8 17 19 5
5 22 22 17 17
17 10 22 2 21
10 22 22 17 17
5 17 22 20 17
9 21 17 22 17
17 12 22 22 5
12 22 22 5 8
5 17 22 0 8
17 10 22 17 8
22 3 22 5 17
0 22 19 5 21
22 22 13 21 17
17 12 12 22 19
12 12 22 19 17
17 19 22 17 8
17 22 22 16 12
18 17 22 4 8
18 17 22 22 8
17 12 22 5 8
22 17 22 17 11
22 22 22 17 8
22 22 22 17 22
12 22 13 21 17
9 21 22 17 8
7 22 22 17 17
20 22 22 17 22
19 17 22 5 17
0 21 22 17 8
17 22 22 5 17
8 5 22 12 16
8 22 22 17 22
21 17 22 21 11
10 22 22 17 8
17 22 22 20 17
13 21 22 22 5
2 17 22 7 17
12 22 22 17 8
21 17 22 22 17
12 22 22 17 17
17 8 22 9 21
5 17 22 5 11
17 22 22 20 22
3 22 22 17 8
19 2 22 22 8
0 22 22 17 9
0 22 22 22 9
8 16 22 1 8
8 16 22 5 8
17 8 22 22 17
8 22 22 17 8
22 17 22 7 17
22 17 22 5 19
8 0 17 8 8
16 18 9 22 8
19 0 17 21 17
0 0 22 17 8
5 22 22 13 22
22 13 22 12 22
13 22 12 22 8
20 17 22 16 8
21 12 22 22 8
10 0 22 21 8
22 5 22 17 21
22 17 22 8 5
17 17 22 17 8
5 12 22 12 12
16 17 22 17 8
22 6 22 21 17
22 6 22 22 1
17 12 22 21 17
8 21 17 17 8
22 8 22 21 23
17 3 22 16 18
5 12 22 5 8