21 17 8 20 12
0 22 12 9 21
12 9 21 17 8
5 22 22 5 21
20 16 9 17 22
16 9 17 22 22
22 21 17 8 20
21 17 8 20 17
17 8 20 17 23
8 20 17 23 8
20 17 23 8 10
17 23 8 10 19
23 8 10 19 8
8 10 19 8 17
10 19 8 17 10
19 8 17 10 17
8 17 10 17 8
17 10 17 8 16
22 17 21 8 4
21 22 13 21 5
22 13 21 5 17
18 21 17 22 8
22 21 4 7 13
21 4 7 13 17
4 7 13 17 10
7 13 17 10 7
13 17 10 7 17
17 10 7 17 21
10 7 17 21 22
7 17 21 22 8
4 17 21 17 8
17 17 8 21 17
17 8 21 17 8
6 5 21 17 22
22 22 17 22 5
15 22 3 22 17
8 17 22 22 8
19 22 3 12 22
22 17 12 9 22
18 17 10 16 18
22 5 21 17 8
0 22 22 5 22
17 22 17 21 17
22 17 21 17 8
22 17 3 12 9
12 9 21 17 17
17 0 21 22 8
17 22 12 22 8
12 22 22 5 17
22 5 12 22 5
5 12 22 5 17
22 3 12 22 17
19 22 22 17 8
17 17 8 10 20
17 8 10 20 19
8 10 20 19 22
10 20 19 22 3
20 19 22 3 22
19 22 3 22 17
3 22 17 10 9
22 17 10 9 8
17 10 9 8 22
8 22 11 5 17
11 5 17 22 17
5 17 22 17 17
17 22 17 17 21
22 17 17 21 17
17 17 21 17 8
17 17 21 22 17
19 22 17 8 9
22 17 8 9 17
17 8 9 17 8
8 9 17 8 10
9 17 8 10 22
17 8 10 22 8
17 17 21 0 8
22 20 21 17 17
22 8 17 8 10
8 17 8 10 22
17 8 10 22 17
0 22 5 4 17
22 5 4 17 17
0 10 16 17 8
16 21 17 22 22
21 17 22 22 22
22 16 21 17 22
16 21 17 22 9
21 17 22 9 22
22 16 17 22 9
16 17 22 9 22
21 17 3 22 22
17 3 22 22 17
21 22 21 17 8
17 22 22 17 8
22 17 8 10 22
17 8 10 22 16
22 22 21 22 17
21 22 17 22 22
17 17 3 22 5
17 3 22 5 22
22 22 17 21 17
22 17 21 17 19
17 21 17 19 22
21 17 19 22 17
17 19 22 17 22
19 22 17 22 17
22 17 22 17 8
17 10 17 19 16
16 18 17 8 22
8 22 9 16 8
22 9 16 8 22
9 16 8 22 17
8 17 21 16 18
18 3 12 22 4
17 17 12 22 4
22 19 22 10 22
22 10 22 21 17
10 22 21 17 12
22 5 21 17 17
5 17 21 17 8
8 17 19 5 17
19 22 5 17 21
22 5 17 21 17
5 17 21 17 17
17 21 17 17 10
21 17 17 10 22
17 17 10 22 2
22 2 21 17 8
17 10 22 22 17
21 17 22 17 22
16 17 12 22 22
21 17 22 16 8
5 22 5 22 5
22 5 22 5 8
5 22 5 8 17
22 5 8 17 15
5 8 17 15 15
8 17 15 15 17
17 15 15 17 12
6 19 5 17 10
19 5 17 10 22
5 17 10 22 17
5 22 3 22 5
0 19 5 21 17
19 5 21 17 9
5 21 17 9 10
21 17 9 10 22
17 9 10 22 8
12 22 22 13 21
22 13 21 17 8
0 22 9 21 5
22 9 21 5 17
12 22 19 17 3
8 8 20 19 6
8 20 19 6 5
5 22 17 19 22
22 17 19 22 17
22 16 12 9 21
16 12 9 21 17
8 22 22 17 17
22 22 17 17 22
22 17 17 22 21
17 17 21 22 8
18 21 9 2 17
18 17 16 22 8
18 17 12 22 5
12 22 22 22 17
19 22 22 22 17
8 22 9 10 17
22 9 10 17 21
9 10 17 21 8
10 17 21 8 12
12 22 19 4 22
12 22 17 12 19
22 17 12 19 22
17 12 19 22 8
12 19 22 8 22
21 9 8 10 12
17 22 22 21 17
22 22 21 17 8
8 17 22 17 13
5 21 17 17 22
21 17 17 22 22
17 17 22 22 5
17 22 22 5 8
21 22 22 19 17
22 22 19 17 17
22 19 17 17 8
22 21 9 21 22
21 9 21 22 17
17 22 20 8 22
17 8 8 6 8
0 22 19 5 17
17 17 3 8 6
22 4 21 5 17
17 22 17 17 22
22 17 17 22 22
9 17 19 17 22
17 19 17 22 8
12 22 9 17 8
22 8 22 22 17
22 21 11 17 8
5 17 22 17 19
22 17 21 22 8
18 21 17 22 21
22 5 17 12 12
5 17 12 12 22
17 12 12 22 8
22 5 17 12 22
5 17 12 22 19
17 12 22 19 5
12 22 19 5 17
5 15 19 17 22
17 17 8 20 17
8 22 6 8 22
10 17 21 17 8
5 6 21 17 8
19 22 12 9 21
22 12 9 21 22
12 9 21 22 10
9 21 22 10 19
21 22 10 19 5
22 10 19 5 22
17 17 12 22 22
17 12 22 22 17
9 17 21 17 22
22 5 22 19 22
5 22 19 22 5
22 19 22 5 19
22 5 19 5 21
5 19 5 21 17
19 5 21 17 22
5 21 17 22 22
19 5 21 17 12
5 21 17 12 22
21 17 12 22 8
8 22 19 15 9
19 15 9 17 17
15 9 17 17 22
9 17 17 22 22
17 17 22 22 17
17 22 22 17 12
22 22 17 12 22
22 17 12 22 17
17 12 22 17 22
12 22 17 22 8
22 19 17 9 9
19 17 9 9 21
17 9 9 21 16
17 17 8 8 1
17 8 8 1 8
8 8 1 8 8
22 5 8 10 19
22 17 22 0 21
22 0 21 22 8
12 22 0 22 21
22 0 22 21 17
0 22 21 17 8
22 21 17 8 16
18 22 17 8 8
12 22 20 17 22
19 20 12 9 8
21 17 19 2 22
8 5 19 16 8
17 22 15 16 8
9 22 22 22 17
17 8 9 17 17
8 9 17 17 8
9 17 17 8 22
17 17 8 22 22
22 9 3 22 8
0 17 21 17 8
17 17 21 3 17
12 22 20 15 22
17 22 3 8 12
8 22 0 0 22
22 0 0 22 17
22 22 13 22 12
8 22 17 9 17
17 9 17 21 12
9 17 21 12 22
19 5 22 22 5
5 22 22 5 15
22 22 5 15 22
22 5 15 22 8
22 17 21 8 17
17 21 8 17 12
17 8 22 19 22
8 22 19 22 16
22 19 22 16 17
19 22 16 17 17
22 16 17 17 17
19 5 21 1 5
22 17 22 8 22
22 17 12 19 6
22 17 12 19 5
17 12 19 5 22
3 22 12 9 21
9 21 17 17 8
21 17 17 8 22
22 17 21 22 21
17 21 22 21 16
21 22 21 16 9
21 16 9 17 8
22 17 21 20 16
17 21 20 16 17
17 17 12 9 8
17 22 3 8 17
22 3 8 17 0
17 0 19 0 12
5 22 17 20 8
17 22 8 5 17
22 8 17 16 18
12 9 22 17 19
22 17 19 17 10
8 5 12 22 12
17 22 3 17 12
6 22 21 17 23
17 23 21 17 22
22 16 21 17 8
18 17 21 22 8
21 17 12 22 21
12 22 21 17 21
17 17 21 16 17
22 5 21 16 9
6 17 21 16 9
22 8 21 17 17
22 17 21 16 8
17 22 22 16 17
17 17 21 16 8
18 17 3 13 8
8 22 21 23 17
17 22 17 3 22
22 17 3 22 16
22 17 3 13 8
3 5 12 22 5
0 22 17 12 22